/*--------------------------------*- C++ -*----------------------------------*\
| =========                 |                                                 |
| \\      /  F ield         | OpenFOAM: The Open Source CFD Toolbox           |
|  \\    /   O peration     | Version:  2306                                  |
|   \\  /    A nd           | Website:  www.openfoam.com                      |
|    \\/     M anipulation  |                                                 |
\*---------------------------------------------------------------------------*/
FoamFile
{
    version     2.0;
    format      ascii;
    arch        "LSB;label=32;scalar=64";
    class       surfaceScalarField;
    location    "0.7";
    object      phi;
}
// * * * * * * * * * * * * * * * * * * * * * * * * * * * * * * * * * * * * * //

dimensions      [0 3 -1 0 0 0 0];

oriented        oriented;

internalField   nonuniform List<scalar> 
3280
(
2.34347e-09
-2.34303e-09
3.9012e-09
-1.55793e-09
2.42532e-09
1.47604e-09
-2.64364e-09
5.06889e-09
-1.11725e-08
8.52909e-09
-2.27297e-08
1.1557e-08
-3.67567e-08
1.4027e-08
-5.26562e-08
1.58997e-08
-6.98346e-08
1.71783e-08
-8.77218e-08
1.78871e-08
-1.05783e-07
1.80612e-08
-1.23524e-07
1.77413e-08
-1.40495e-07
1.6971e-08
-1.56291e-07
1.57956e-08
-1.70552e-07
1.42608e-08
-1.82964e-07
1.24129e-08
-1.93263e-07
1.02985e-08
-2.01228e-07
7.9647e-09
-2.06687e-07
5.45969e-09
-2.0952e-07
2.83269e-09
-2.09655e-07
1.34532e-10
-2.07072e-07
-2.5822e-09
-2.01809e-07
-5.26297e-09
-1.93958e-07
-7.85128e-09
-1.83669e-07
-1.02889e-08
-1.71153e-07
-1.25163e-08
-1.56679e-07
-1.44735e-08
-1.40579e-07
-1.61007e-08
-1.23239e-07
-1.73395e-08
-1.05105e-07
-1.81345e-08
-8.66699e-08
-1.84346e-08
-6.84749e-08
-1.8195e-08
-5.10954e-08
-1.73796e-08
-3.51316e-08
-1.59638e-08
-2.11917e-08
-1.394e-08
-9.86488e-09
-1.13268e-08
-1.67576e-09
-8.18913e-09
3.00433e-09
-4.68013e-09
4.12849e-09
-1.12419e-09
2.35724e-09
1.77128e-09
2.35729e-09
1.60783e-09
-3.95103e-09
-6.12148e-10
6.62013e-10
-9.79525e-09
1.06586e-08
-2.69953e-08
2.22691e-08
-5.21115e-08
3.36453e-08
-8.43553e-08
4.38009e-08
-1.22558e-07
5.22292e-08
-1.65364e-07
5.87062e-08
-2.11355e-07
6.31694e-08
-2.59118e-07
6.56499e-08
-3.07291e-07
6.62343e-08
-3.54593e-07
6.50428e-08
-3.99838e-07
6.22163e-08
-4.41951e-07
5.79081e-08
-4.79969e-07
5.22796e-08
-5.13054e-07
4.54973e-08
-5.40487e-07
3.7732e-08
-5.61681e-07
2.91584e-08
-5.76177e-07
1.99557e-08
-5.83652e-07
1.03079e-08
-5.83922e-07
4.04708e-10
-5.76947e-07
-9.55785e-09
-5.62832e-07
-1.93775e-08
-5.41837e-07
-2.88461e-08
-5.14375e-07
-3.77506e-08
-4.81017e-07
-4.58748e-08
-4.42488e-07
-5.30024e-08
-3.99668e-07
-5.89203e-08
-3.53584e-07
-6.34233e-08
-3.05399e-07
-6.63198e-08
-2.56395e-07
-6.74383e-08
-2.07955e-07
-6.66354e-08
-1.61528e-07
-6.38068e-08
-1.18591e-07
-5.89008e-08
-8.0591e-08
-5.19398e-08
-4.88629e-08
-4.30549e-08
-2.45031e-08
-3.25489e-08
-8.1753e-09
-2.10079e-08
1.85197e-10
-9.48467e-09
1.82026e-09
1.36238e-10
4.17758e-09
-1.31882e-09
-2.63205e-09
-1.04113e-08
9.75405e-09
-2.99014e-08
3.01489e-08
-6.06913e-08
5.30589e-08
-1.02513e-07
7.54671e-08
-1.54294e-07
9.55814e-08
-2.14447e-07
1.12383e-07
-2.81097e-07
1.25356e-07
-3.52231e-07
1.34303e-07
-4.25809e-07
1.39228e-07
-4.99835e-07
1.40261e-07
-5.72408e-07
1.37616e-07
-6.41755e-07
1.31563e-07
-7.06253e-07
1.22406e-07
-7.64446e-07
1.10473e-07
-8.15059e-07
9.611e-08
-8.57001e-07
7.96739e-08
-8.89377e-07
6.15339e-08
-9.11491e-07
4.20697e-08
-9.22855e-07
2.16725e-08
-9.23196e-07
7.45519e-10
-9.12458e-07
-2.02956e-08
-8.90813e-07
-4.1023e-08
-8.58661e-07
-6.09977e-08
-8.16639e-07
-7.97726e-08
-7.65618e-07
-9.68962e-08
-7.06701e-07
-1.11919e-07
-6.41218e-07
-1.24403e-07
-5.70714e-07
-1.33928e-07
-4.96926e-07
-1.40107e-07
-4.21762e-07
-1.42603e-07
-3.47257e-07
-1.41141e-07
-2.75525e-07
-1.35538e-07
-2.08695e-07
-1.25731e-07
-1.48816e-07
-1.11819e-07
-9.77412e-08
-9.41293e-08
-5.69657e-08
-7.33245e-08
-2.74032e-08
-5.05704e-08
-9.10577e-09
-2.77821e-08
-9.30423e-10
-8.03905e-09
3.24714e-09
-4.84786e-09
2.21565e-09
-2.20607e-08
2.6967e-08
-5.31244e-08
6.12128e-08
-9.83392e-08
9.82737e-08
-1.57023e-07
1.34151e-07
-2.27738e-07
1.66296e-07
-3.08516e-07
1.93161e-07
-3.97058e-07
2.13898e-07
-4.90891e-07
2.28137e-07
-5.87489e-07
2.35825e-07
-6.84359e-07
2.37131e-07
-7.79112e-07
2.32369e-07
-8.69504e-07
2.21955e-07
-9.53474e-07
2.06376e-07
-1.02917e-06
1.86165e-07
-1.09495e-06
1.6189e-07
-1.14942e-06
1.34148e-07
-1.19144e-06
1.03555e-07
-1.22012e-06
7.07481e-08
-1.23483e-06
3.6386e-08
-1.23523e-06
1.1464e-09
-1.22126e-06
-3.42723e-08
-1.19313e-06
-6.91524e-08
-1.15137e-06
-1.0276e-07
-1.09679e-06
-1.34349e-07
-1.03051e-06
-1.63171e-07
-9.53952e-07
-1.88481e-07
-8.68798e-07
-2.09558e-07
-7.7701e-07
-2.25715e-07
-6.80788e-07
-2.36329e-07
-5.82532e-07
-2.40858e-07
-4.84793e-07
-2.3888e-07
-3.90207e-07
-2.30125e-07
-3.01408e-07
-2.1453e-07
-2.20922e-07
-1.92305e-07
-1.51029e-07
-1.64022e-07
-9.36005e-08
-1.30753e-07
-4.98928e-08
-9.42781e-08
-2.03349e-08
-5.73401e-08
-4.31687e-09
-2.40569e-08
-1.06976e-09
-8.39982e-09
1.06156e-08
-3.40855e-08
5.26526e-08
-7.71964e-08
1.04324e-07
-1.37175e-07
1.58253e-07
-2.12738e-07
2.09714e-07
-3.01979e-07
2.55537e-07
-4.02519e-07
2.937e-07
-5.11661e-07
3.2304e-07
-6.26534e-07
3.4301e-07
-7.44209e-07
3.535e-07
-8.61793e-07
3.54714e-07
-9.76499e-07
3.47075e-07
-1.08571e-06
3.31164e-07
-1.187e-06
3.07671e-07
-1.27821e-06
2.77368e-07
-1.3574e-06
2.41081e-07
-1.42293e-06
1.99683e-07
-1.47346e-06
1.54084e-07
-1.50794e-06
1.05224e-07
-1.52563e-06
5.40761e-08
-1.52612e-06
1.64269e-09
-1.50935e-06
-5.10444e-08
-1.47558e-06
-1.02926e-07
-1.42542e-06
-1.52922e-07
-1.35983e-06
-1.99936e-07
-1.28013e-06
-2.42869e-07
-1.18798e-06
-2.80635e-07
-1.08535e-06
-3.12181e-07
-9.74554e-07
-3.36515e-07
-8.58147e-07
-3.52736e-07
-7.38932e-07
-3.60073e-07
-6.19878e-07
-3.57933e-07
-5.04048e-07
-3.45954e-07
-3.94505e-07
-3.24073e-07
-2.94193e-07
-2.92617e-07
-2.05804e-07
-2.52411e-07
-1.3162e-07
-2.04937e-07
-7.33544e-08
-1.52543e-07
-3.20031e-08
-9.86914e-08
-7.74838e-09
-4.83116e-08
-8.81816e-09
-1.17771e-08
2.23926e-08
-4.5837e-08
8.67125e-08
-1.00999e-07
1.59485e-07
-1.75742e-07
2.32996e-07
-2.68065e-07
3.02037e-07
-3.75501e-07
3.62973e-07
-4.95209e-07
4.13408e-07
-6.24084e-07
4.51915e-07
-7.58877e-07
4.77803e-07
-8.96299e-07
4.90922e-07
-1.03311e-06
4.91526e-07
-1.1662e-06
4.80163e-07
-1.29263e-06
4.57597e-07
-1.40971e-06
4.24746e-07
-1.51498e-06
3.82644e-07
-1.60631e-06
3.32406e-07
-1.68184e-06
2.75216e-07
-1.74007e-06
2.12308e-07
-1.77981e-06
1.44965e-07
-1.80024e-06
7.4511e-08
-1.80091e-06
2.31177e-09
-1.78173e-06
-7.02275e-08
-1.74299e-06
-1.41666e-07
-1.68537e-06
-2.10535e-07
-1.60996e-06
-2.75347e-07
-1.51822e-06
-3.34613e-07
-1.41199e-06
-3.86863e-07
-1.2935e-06
-4.30675e-07
-1.1653e-06
-4.64713e-07
-1.03027e-06
-4.87766e-07
-8.91536e-07
-4.98806e-07
-7.52427e-07
-4.97042e-07
-6.16381e-07
-4.82001e-07
-4.8685e-07
-4.53605e-07
-3.67186e-07
-4.12281e-07
-2.60512e-07
-3.59085e-07
-1.69586e-07
-2.95864e-07
-9.66725e-08
-2.25457e-07
-4.3456e-08
-1.51908e-07
-1.10204e-08
-8.07473e-08
-1.98385e-08
-1.49346e-08
3.73272e-08
-5.70851e-08
1.28863e-07
-1.24068e-07
2.26469e-07
-2.13388e-07
3.22315e-07
-3.22262e-07
4.10911e-07
-4.476e-07
4.88311e-07
-5.86048e-07
5.51856e-07
-7.34067e-07
5.99934e-07
-8.88026e-07
6.31762e-07
-1.04429e-06
6.4719e-07
-1.19932e-06
6.4655e-07
-1.3497e-06
6.30543e-07
-1.49224e-06
6.00138e-07
-1.624e-06
5.56508e-07
-1.74233e-06
5.00972e-07
-1.84488e-06
4.34963e-07
-1.92967e-06
3.59999e-07
-1.99503e-06
2.77671e-07
-2.03969e-06
1.89627e-07
-2.06275e-06
9.75736e-08
-2.06371e-06
3.2702e-09
-2.04246e-06
-9.14753e-08
-1.99932e-06
-1.8481e-07
-1.93501e-06
-2.74844e-07
-1.85069e-06
-3.59666e-07
-1.74794e-06
-4.37362e-07
-1.62876e-06
-5.06045e-07
-1.49555e-06
-5.6389e-07
-1.35108e-06
-6.0918e-07
-1.19849e-06
-6.4036e-07
-1.04118e-06
-6.5611e-07
-8.82811e-07
-6.55413e-07
-7.27165e-07
-6.37647e-07
-5.7808e-07
-6.0269e-07
-4.3933e-07
-5.5103e-07
-3.14508e-07
-4.83907e-07
-2.06905e-07
-4.03467e-07
-1.19414e-07
-3.12947e-07
-5.44739e-08
-2.16848e-07
-1.40882e-08
-1.21133e-07
-3.39267e-08
-1.78931e-08
5.52203e-08
-6.78162e-08
1.78786e-07
-1.46315e-07
3.04967e-07
-2.49947e-07
4.25947e-07
-3.75131e-07
5.36095e-07
-5.18111e-07
6.31292e-07
-6.74981e-07
7.08725e-07
-8.41736e-07
7.6669e-07
-1.01435e-06
8.04378e-07
-1.18885e-06
8.21692e-07
-1.3614e-06
8.19092e-07
-1.52831e-06
7.97462e-07
-1.68619e-06
7.58011e-07
-1.83187e-06
7.02192e-07
-1.96254e-06
6.31639e-07
-2.0757e-06
5.48124e-07
-2.16923e-06
4.53524e-07
-2.24136e-06
3.49806e-07
-2.29074e-06
2.39008e-07
-2.31641e-06
1.23239e-07
-2.31781e-06
4.67149e-09
-2.29482e-06
-1.14461e-07
-2.24776e-06
-2.3187e-07
-2.17738e-06
-3.45224e-07
-2.08489e-06
-4.52159e-07
-1.97194e-06
-5.5031e-07
-1.84064e-06
-6.37341e-07
-1.69354e-06
-7.1099e-07
-1.5336e-06
-7.69123e-07
-1.36415e-06
-8.09808e-07
-1.18888e-06
-8.31387e-07
-1.01172e-06
-8.32574e-07
-8.36803e-07
-8.12559e-07
-6.68373e-07
-7.7112e-07
-5.10648e-07
-7.08756e-07
-3.67732e-07
-6.26823e-07
-2.43506e-07
-5.27693e-07
-1.41543e-07
-4.1491e-07
-6.50676e-08
-2.93324e-07
-1.69786e-08
-1.69222e-07
-5.09053e-08
-2.06968e-08
7.59172e-08
-7.81146e-08
2.36204e-07
-1.67839e-07
3.94691e-07
-2.85525e-07
5.43633e-07
-4.26792e-07
6.77362e-07
-5.87197e-07
7.91697e-07
-7.62249e-07
8.83777e-07
-9.47453e-07
9.51895e-07
-1.13837e-06
9.95299e-07
-1.33069e-06
1.01401e-06
-1.52027e-06
1.00867e-06
-1.7032e-06
9.80393e-07
-1.87586e-06
9.30668e-07
-2.03493e-06
8.61259e-07
-2.17743e-06
7.74143e-07
-2.30076e-06
6.71453e-07
-2.40269e-06
5.55449e-07
-2.48137e-06
4.28487e-07
-2.53537e-06
2.93014e-07
-2.56369e-06
1.51553e-07
-2.56572e-06
6.70405e-09
-2.54132e-06
-1.38861e-07
-2.49079e-06
-2.82404e-07
-2.41488e-06
-4.2113e-07
-2.31483e-06
-5.52209e-07
-2.19234e-06
-6.72799e-07
-2.0496e-06
-7.80086e-07
-1.88925e-06
-8.71338e-07
-1.7144e-06
-9.43971e-07
-1.52858e-06
-9.95625e-07
-1.33571e-06
-1.02426e-06
-1.14001e-06
-1.02827e-06
-9.45975e-07
-1.0066e-06
-7.58244e-07
-9.5885e-07
-5.81524e-07
-8.85476e-07
-4.20475e-07
-7.87872e-07
-2.79614e-07
-6.68554e-07
-1.63234e-07
-5.3129e-07
-7.53564e-08
-3.81201e-07
-1.97455e-08
-2.24833e-07
-7.06508e-08
-2.33943e-08
9.93113e-08
-8.81009e-08
3.0091e-07
-1.88825e-07
4.95416e-07
-3.2036e-07
6.75168e-07
-4.77531e-07
8.34533e-07
-6.55193e-07
9.69358e-07
-8.48249e-07
1.07683e-06
-1.0517e-06
1.15534e-06
-1.26067e-06
1.20427e-06
-1.4705e-06
1.22384e-06
-1.67676e-06
1.21493e-06
-1.87531e-06
1.17895e-06
-2.06234e-06
1.1177e-06
-2.23438e-06
1.0333e-06
-2.38835e-06
9.28108e-07
-2.52153e-06
8.04634e-07
-2.63161e-06
6.65535e-07
-2.71671e-06
5.13578e-07
-2.77531e-06
3.51622e-07
-2.80638e-06
1.82615e-07
-2.80926e-06
9.5888e-09
-2.78378e-06
-1.64339e-07
-2.73021e-06
-3.35973e-07
-2.64929e-06
-5.02049e-07
-2.54225e-06
-6.5925e-07
-2.41081e-06
-8.04241e-07
-2.25719e-06
-9.33704e-07
-2.08412e-06
-1.04441e-06
-1.89483e-06
-1.13327e-06
-1.69299e-06
-1.19746e-06
-1.48276e-06
-1.23449e-06
-1.26865e-06
-1.24238e-06
-1.0555e-06
-1.21974e-06
-8.48394e-07
-1.16596e-06
-6.52548e-07
-1.08132e-06
-4.73221e-07
-9.67199e-07
-3.1561e-07
-8.26165e-07
-1.8476e-07
-6.6214e-07
-8.55053e-08
-4.80456e-07
-2.245e-08
-2.87888e-07
-9.31008e-08
-2.60314e-08
1.25343e-07
-9.79038e-08
3.72783e-07
-2.09489e-07
6.07001e-07
-3.54743e-07
8.20421e-07
-5.27701e-07
1.00749e-06
-7.22506e-07
1.16416e-06
-9.3344e-07
1.28777e-06
-1.15497e-06
1.37687e-06
-1.38179e-06
1.43109e-06
-1.60887e-06
1.45092e-06
-1.83151e-06
1.43757e-06
-2.04535e-06
1.39278e-06
-2.2464e-06
1.31875e-06
-2.43107e-06
1.21797e-06
-2.59617e-06
1.09321e-06
-2.73894e-06
9.47398e-07
-2.857e-06
7.83594e-07
-2.9484e-06
6.04985e-07
-3.01163e-06
4.14849e-07
-3.04557e-06
2.16557e-07
-3.04956e-06
1.3576e-08
-3.02336e-06
-1.90536e-07
-2.96721e-06
-3.92125e-07
-2.88181e-06
-5.87454e-07
-2.76834e-06
-7.72712e-07
-2.62853e-06
-9.44054e-07
-2.4646e-06
-1.09764e-06
-2.27932e-06
-1.22969e-06
-2.07599e-06
-1.3366e-06
-1.85845e-06
-1.41499e-06
-1.63105e-06
-1.4619e-06
-1.39858e-06
-1.47485e-06
-1.16626e-06
-1.45207e-06
-9.39607e-07
-1.39261e-06
-7.24404e-07
-1.29652e-06
-5.26543e-07
-1.16506e-06
-3.51943e-07
-1.00077e-06
-2.06437e-07
-8.07646e-07
-9.5693e-08
-5.91199e-07
-2.51529e-08
-3.58429e-07
-1.18254e-07
-2.86494e-08
1.53992e-07
-1.07646e-07
4.5178e-07
-2.30046e-07
7.29402e-07
-3.88973e-07
9.79347e-07
-5.7767e-07
1.19619e-06
-7.89556e-07
1.37605e-06
-1.01827e-06
1.51648e-06
-1.25774e-06
1.61634e-06
-1.50221e-06
1.67556e-06
-1.74629e-06
1.69501e-06
-1.985e-06
1.67628e-06
-2.21377e-06
1.62155e-06
-2.42847e-06
1.53345e-06
-2.62541e-06
1.41491e-06
-2.80132e-06
1.26913e-06
-2.9534e-06
1.09947e-06
-3.07924e-06
9.09432e-07
-3.17687e-06
7.02616e-07
-3.24474e-06
4.82719e-07
-3.28171e-06
2.53531e-07
-3.28707e-06
1.89405e-08
-3.26055e-06
-2.17059e-07
-3.20231e-06
-4.50366e-07
-3.11299e-06
-6.76772e-07
-2.99373e-06
-8.91973e-07
-2.84618e-06
-1.0916e-06
-2.67255e-06
-1.27127e-06
-2.47561e-06
-1.42663e-06
-2.25872e-06
-1.55349e-06
-2.02582e-06
-1.64789e-06
-1.78145e-06
-1.70627e-06
-1.53067e-06
-1.72563e-06
-1.27908e-06
-1.70367e-06
-1.03267e-06
-1.63901e-06
-7.97799e-07
-1.5314e-06
-5.81041e-07
-1.38182e-06
-3.89081e-07
-1.19273e-06
-2.28588e-07
-9.68139e-07
-1.06098e-07
-7.1369e-07
-2.79112e-08
-4.36615e-07
-1.46165e-07
-3.12843e-08
1.85276e-07
-1.1744e-07
5.37936e-07
-2.50698e-07
8.62659e-07
-4.23336e-07
1.15199e-06
-6.2779e-07
1.40064e-06
-8.56732e-07
1.60499e-06
-1.10315e-06
1.7629e-06
-1.36041e-06
1.87359e-06
-1.62229e-06
1.93745e-06
-1.88307e-06
1.95578e-06
-2.13747e-06
1.93069e-06
-2.38076e-06
1.86484e-06
-2.60866e-06
1.76135e-06
-2.81741e-06
1.62366e-06
-3.00373e-06
1.45544e-06
-3.16476e-06
1.26051e-06
-3.29813e-06
1.0428e-06
-3.40185e-06
8.06337e-07
-3.47437e-06
5.55233e-07
-3.51452e-06
2.93681e-07
-3.52155e-06
2.5975e-08
-3.49513e-06
-2.43477e-07
-3.43536e-06
-5.1014e-07
-3.34278e-06
-7.69349e-07
-3.21844e-06
-1.01631e-06
-3.06391e-06
-1.24613e-06
-2.88132e-06
-1.45386e-06
-2.6734e-06
-1.63455e-06
-2.44352e-06
-1.78337e-06
-2.1957e-06
-1.8957e-06
-1.93464e-06
-1.96734e-06
-1.66566e-06
-1.9946e-06
-1.39473e-06
-1.9746e-06
-1.12832e-06
-1.90542e-06
-8.73416e-07
-1.7863e-06
-6.37302e-07
-1.61793e-06
-4.27487e-07
-1.40254e-06
-2.5153e-07
-1.1441e-06
-1.16889e-07
-8.48331e-07
-3.07783e-08
-5.22726e-07
-1.76943e-07
-3.39678e-08
2.19244e-07
-1.27388e-07
6.31356e-07
-2.71627e-07
1.0069e-06
-4.58092e-07
1.33845e-06
-6.78374e-07
1.62092e-06
-9.24375e-07
1.85099e-06
-1.1884e-06
2.02693e-06
-1.46325e-06
2.14844e-06
-1.74225e-06
2.21644e-06
-2.0193e-06
2.23283e-06
-2.2889e-06
2.20029e-06
-2.54613e-06
2.12207e-06
-2.78664e-06
2.00186e-06
-3.00662e-06
1.84365e-06
-3.20279e-06
1.65161e-06
-3.37232e-06
1.43004e-06
-3.51286e-06
1.18334e-06
-3.62245e-06
9.15932e-07
-3.69956e-06
6.32338e-07
-3.74301e-06
3.3713e-07
-3.75201e-06
3.4981e-08
-3.72617e-06
-2.69314e-07
-3.6655e-06
-5.70815e-07
-3.57043e-06
-8.64422e-07
-3.44187e-06
-1.14487e-06
-3.28126e-06
-1.40674e-06
-3.09062e-06
-1.6445e-06
-2.87259e-06
-1.85259e-06
-2.63049e-06
-2.02547e-06
-2.36837e-06
-2.15782e-06
-2.09105e-06
-2.24466e-06
-1.8041e-06
-2.28156e-06
-1.51382e-06
-2.26488e-06
-1.22722e-06
-2.19202e-06
-9.5188e-07
-2.06164e-06
-6.95879e-07
-1.87393e-06
-4.67599e-07
-1.63082e-06
-2.75563e-07
-1.33613e-06
-1.2823e-07
-9.95663e-07
-3.38037e-08
-6.17152e-07
-2.10747e-07
-3.67281e-08
2.55972e-07
-1.37579e-07
7.32207e-07
-2.93003e-07
1.16232e-06
-4.93475e-07
1.53892e-06
-7.29699e-07
1.85715e-06
-9.92765e-07
2.11406e-06
-1.27427e-06
2.30844e-06
-1.56643e-06
2.4406e-06
-1.86211e-06
2.51212e-06
-2.15487e-06
2.5256e-06
-2.43898e-06
2.4844e-06
-2.70939e-06
2.39248e-06
-2.9617e-06
2.25417e-06
-3.19211e-06
2.07405e-06
-3.39737e-06
1.85687e-06
-3.57474e-06
1.60741e-06
-3.72192e-06
1.33052e-06
-3.83704e-06
1.03105e-06
-3.91859e-06
7.13886e-07
-3.96541e-06
3.83948e-07
-3.97668e-06
4.62556e-08
-3.95195e-06
-2.94051e-07
-3.8911e-06
-6.31667e-07
-3.79443e-06
-9.61091e-07
-3.66269e-06
-1.27661e-06
-3.49713e-06
-1.57229e-06
-3.2996e-06
-1.84204e-06
-3.07257e-06
-2.07961e-06
-2.81928e-06
-2.27876e-06
-2.54373e-06
-2.43336e-06
-2.25082e-06
-2.53757e-06
-1.9463e-06
-2.58608e-06
-1.63682e-06
-2.57436e-06
-1.32988e-06
-2.49896e-06
-1.03374e-06
-2.35779e-06
-7.57273e-07
-2.1504e-06
-5.09826e-07
-1.87827e-06
-3.00971e-07
-1.54499e-06
-1.40272e-07
-1.15636e-06
-3.70341e-08
-7.2039e-07
-2.47781e-07
-3.95917e-08
2.95564e-07
-1.48102e-07
8.40718e-07
-3.14982e-07
1.3292e-06
-5.297e-07
1.75364e-06
-7.82006e-07
2.10945e-06
-1.06213e-06
2.39418e-06
-1.36092e-06
2.60723e-06
-1.66998e-06
2.74966e-06
-1.98173e-06
2.82387e-06
-2.28941e-06
2.83327e-06
-2.58709e-06
2.78208e-06
-2.86964e-06
2.67503e-06
-3.13265e-06
2.51718e-06
-3.37239e-06
2.31379e-06
-3.58572e-06
2.07019e-06
-3.77001e-06
1.79171e-06
-3.92311e-06
1.48362e-06
-4.04323e-06
1.15118e-06
-4.12895e-06
7.99601e-07
-4.17913e-06
4.34131e-07
-4.19295e-06
6.00757e-08
-4.16987e-06
-3.17131e-07
-4.10967e-06
-6.91872e-07
-4.01246e-06
-1.0583e-06
-3.87879e-06
-1.41028e-06
-3.70968e-06
-1.74141e-06
-3.50671e-06
-2.04501e-06
-3.27214e-06
-2.31418e-06
-3.00902e-06
-2.54189e-06
-2.72125e-06
-2.72113e-06
-2.41371e-06
-2.84511e-06
-2.0923e-06
-2.90748e-06
-1.76398e-06
-2.90269e-06
-1.43671e-06
-2.82623e-06
-1.11944e-06
-2.67505e-06
-8.21932e-07
-2.44791e-06
-5.54547e-07
-2.14565e-06
-3.28024e-07
-1.77151e-06
-1.53163e-07
-1.33122e-06
-4.05147e-08
-8.33039e-07
-2.88296e-07
-4.25853e-08
3.38149e-07
-1.59043e-07
9.57176e-07
-3.37718e-07
1.50788e-06
-5.66971e-07
1.98289e-06
-8.35509e-07
2.37799e-06
-1.13263e-06
2.69129e-06
-1.44839e-06
2.923e-06
-1.77379e-06
3.07506e-06
-2.10077e-06
3.15085e-06
-2.42229e-06
3.15479e-06
-2.73227e-06
3.09206e-06
-3.02555e-06
2.96831e-06
-3.2978e-06
2.78943e-06
-3.54542e-06
2.56141e-06
-3.76544e-06
2.29021e-06
-3.95544e-06
1.9817e-06
-4.11343e-06
1.64161e-06
-4.23779e-06
1.27554e-06
-4.32722e-06
8.8903e-07
-4.38065e-06
4.87562e-07
-4.39726e-06
7.66768e-08
-4.37642e-06
-3.37965e-07
-4.31779e-06
-7.50503e-07
-4.22129e-06
-1.1548e-06
-4.08719e-06
-1.54438e-06
-3.91621e-06
-1.91238e-06
-3.70963e-06
-2.25159e-06
-3.46938e-06
-2.55443e-06
-3.19822e-06
-2.81304e-06
-2.89986e-06
-3.01949e-06
-2.57907e-06
-3.16589e-06
-2.24181e-06
-3.24474e-06
-1.89528e-06
-3.24922e-06
-1.54791e-06
-3.17359e-06
-1.20934e-06
-3.01362e-06
-8.9024e-07
-2.76701e-06
-6.0211e-07
-2.43378e-06
-3.5698e-07
-2.01664e-06
-1.67047e-07
-1.52115e-06
-4.42907e-08
-9.55795e-07
-3.32586e-07
-4.5738e-08
3.83887e-07
-1.70495e-07
1.08193e-06
-3.61374e-07
1.69875e-06
-6.05496e-07
2.22702e-06
-8.90411e-07
2.66291e-06
-1.20439e-06
3.00528e-06
-1.53667e-06
3.25528e-06
-1.87759e-06
3.41597e-06
-2.21865e-06
3.49191e-06
-2.55257e-06
3.48871e-06
-2.87317e-06
3.41267e-06
-3.17535e-06
3.27048e-06
-3.45492e-06
3.069e-06
-3.70851e-06
2.815e-06
-3.93342e-06
2.51512e-06
-4.1275e-06
2.17578e-06
-4.28902e-06
1.80313e-06
-4.41659e-06
1.40311e-06
-4.50906e-06
9.81502e-07
-4.56547e-06
5.43977e-07
-4.58502e-06
9.62277e-08
-4.56704e-06
-3.55946e-07
-4.51102e-06
-8.06525e-07
-4.41665e-06
-1.24917e-06
-4.2839e-06
-1.67712e-06
-4.11312e-06
-2.08316e-06
-3.90518e-06
-2.45954e-06
-3.66158e-06
-2.79802e-06
-3.38469e-06
-3.08993e-06
-3.07789e-06
-3.32629e-06
-2.74574e-06
-3.49804e-06
-2.39414e-06
-3.59634e-06
-2.03045e-06
-3.61291e-06
-1.66352e-06
-3.54053e-06
-1.30366e-06
-3.37348e-06
-9.6252e-07
-3.10815e-06
-6.52838e-07
-2.74346e-06
-3.8809e-07
-2.28139e-06
-1.8207e-07
-1.72717e-06
-4.84086e-08
-1.08946e-06
-3.80995e-07
-4.90838e-08
4.32971e-07
-1.82567e-07
1.21542e-06
-3.86136e-07
1.90232e-06
-6.45506e-07
2.48639e-06
-9.4692e-07
2.96432e-06
-1.27753e-06
3.33588e-06
-1.62566e-06
3.6034e-06
-1.98098e-06
3.77129e-06
-2.33459e-06
3.84553e-06
-2.679e-06
3.83312e-06
-3.00803e-06
3.7417e-06
-3.31672e-06
3.57917e-06
-3.60114e-06
3.35342e-06
-3.85826e-06
3.07212e-06
-4.08575e-06
2.74261e-06
-4.28182e-06
2.37185e-06
-4.44509e-06
1.9664e-06
-4.57447e-06
1.53249e-06
-4.66904e-06
1.07607e-06
-4.72799e-06
6.02927e-07
-4.75057e-06
1.18801e-07
-4.73605e-06
-3.70466e-07
-4.68377e-06
-8.58804e-07
-4.59316e-06
-1.33977e-06
-4.46385e-06
-1.80644e-06
-4.29572e-06
-2.25129e-06
-4.08915e-06
-2.66612e-06
-3.84511e-06
-3.04207e-06
-3.56542e-06
-3.36962e-06
-3.25298e-06
-3.63873e-06
-2.91199e-06
-3.83904e-06
-2.54815e-06
-3.96018e-06
-2.16886e-06
-3.9922e-06
-1.78331e-06
-3.92608e-06
-1.40248e-06
-3.75431e-06
-1.03903e-06
-3.4716e-06
-7.07034e-07
-3.07546e-06
-4.21609e-07
-2.56682e-06
-1.98384e-07
-1.9504e-06
-5.29184e-08
-1.23492e-06
-4.33913e-07
-5.26659e-08
4.85637e-07
-1.95395e-07
1.35815e-06
-4.12234e-07
2.11916e-06
-6.87274e-07
2.76143e-06
-1.00527e-06
3.28232e-06
-1.35212e-06
3.68273e-06
-1.71516e-06
3.96644e-06
-2.08339e-06
4.13953e-06
-2.44752e-06
4.20966e-06
-2.79995e-06
4.18554e-06
-3.13459e-06
4.07634e-06
-3.44676e-06
3.89134e-06
-3.73292e-06
3.63959e-06
-3.9905e-06
3.3297e-06
-4.21765e-06
2.96976e-06
-4.41307e-06
2.56727e-06
-4.57584e-06
2.12917e-06
-4.70523e-06
1.66189e-06
-4.80063e-06
1.17148e-06
-4.86144e-06
6.63731e-07
-4.88697e-06
1.44337e-07
-4.8765e-06
-3.80944e-07
-4.82918e-06
-9.06118e-07
-4.74418e-06
-1.42477e-06
-4.6207e-06
-1.92992e-06
-4.45813e-06
-2.41386e-06
-4.25621e-06
-2.86803e-06
-4.01526e-06
-3.28302e-06
-3.73641e-06
-3.64847e-06
-3.4219e-06
-3.95324e-06
-3.07536e-06
-4.18558e-06
-2.70213e-06
-4.33341e-06
-2.30948e-06
-4.38485e-06
-1.90682e-06
-4.32873e-06
-1.50575e-06
-4.15539e-06
-1.11995e-06
-3.8574e-06
-7.64985e-07
-3.43042e-06
-4.57802e-07
-2.874e-06
-2.16156e-07
-2.19205e-06
-5.78765e-08
-1.3932e-06
-4.9179e-07
-5.65407e-08
5.42178e-07
-2.09152e-07
1.51076e-06
-4.3996e-07
2.34997e-06
-7.31148e-07
3.05261e-06
-1.06575e-06
3.61693e-06
-1.42825e-06
4.04522e-06
-1.80491e-06
4.34311e-06
-2.18406e-06
4.51868e-06
-2.55609e-06
4.58169e-06
-2.91337e-06
4.54282e-06
-3.25007e-06
4.41304e-06
-3.56191e-06
4.20319e-06
-3.84592e-06
3.9236e-06
-4.10013e-06
3.58391e-06
-4.32334e-06
3.19297e-06
-4.51486e-06
2.75879e-06
-4.6743e-06
2.28862e-06
-4.80145e-06
1.78903e-06
-4.89605e-06
1.26608e-06
-4.95775e-06
7.25433e-07
-4.98602e-06
1.72611e-07
-4.98011e-06
-3.86852e-07
-4.93905e-06
-9.47179e-07
-4.86169e-06
-1.50214e-06
-4.74678e-06
-2.04483e-06
-4.59312e-06
-2.56751e-06
-4.39974e-06
-3.06141e-06
-4.16614e-06
-3.51662e-06
-3.89258e-06
-3.92203e-06
-3.58044e-06
-4.26538e-06
-3.23258e-06
-4.53344e-06
-2.85371e-06
-4.71228e-06
-2.45079e-06
-4.78777e-06
-2.03325e-06
-4.74627e-06
-1.61321e-06
-4.57543e-06
-1.2054e-06
-4.2652e-06
-8.26973e-07
-3.80885e-06
-4.96957e-07
-3.20402e-06
-2.35576e-07
-2.45343e-06
-6.33488e-08
-1.56543e-06
-5.55139e-07
-6.07843e-08
6.02962e-07
-2.24075e-07
1.67405e-06
-4.697e-07
2.5956e-06
-7.77575e-07
3.36049e-06
-1.12873e-06
3.96808e-06
-1.50601e-06
4.4225e-06
-1.89456e-06
4.73166e-06
-2.28203e-06
4.90615e-06
-2.65857e-06
4.95823e-06
-3.01669e-06
4.90094e-06
-3.35098e-06
4.74733e-06
-3.65778e-06
4.50999e-06
-3.93487e-06
4.20068e-06
-4.18106e-06
3.8301e-06
-4.39595e-06
3.40786e-06
-4.5796e-06
2.94244e-06
-4.73231e-06
2.44133e-06
-4.85443e-06
1.91115e-06
-4.94616e-06
1.35781e-06
-5.0075e-06
7.86765e-07
-5.03807e-06
2.03189e-07
-5.03717e-06
-3.87752e-07
-5.00369e-06
-9.80664e-07
-4.93616e-06
-1.56966e-06
-4.83287e-06
-2.14813e-06
-4.69195e-06
-2.70843e-06
-4.51162e-06
-3.24174e-06
-4.29042e-06
-3.73782e-06
-4.02754e-06
-4.1849e-06
-3.72326e-06
-4.56966e-06
-3.37939e-06
-4.87731e-06
-2.99975e-06
-5.09192e-06
-2.59067e-06
-5.19685e-06
-2.16139e-06
-5.17554e-06
-1.72439e-06
-5.01244e-06
-1.29541e-06
-4.69418e-06
-8.93284e-07
-4.21098e-06
-5.39401e-07
-3.5579e-06
-2.56871e-07
-2.73596e-06
-6.9416e-08
-1.75289e-06
-6.24555e-07
-6.5501e-08
6.68463e-07
-2.40478e-07
1.84902e-06
-5.01967e-07
2.85709e-06
-8.27143e-07
3.68567e-06
-1.19465e-06
4.33559e-06
-1.58551e-06
4.81336e-06
-1.98362e-06
5.12977e-06
-2.37601e-06
5.29854e-06
-2.75274e-06
5.33497e-06
-3.10667e-06
5.25486e-06
-3.43303e-06
5.07369e-06
-3.72903e-06
4.806e-06
-3.99341e-06
4.46506e-06
-4.226e-06
4.06269e-06
-4.42735e-06
3.60921e-06
-4.59842e-06
3.11352e-06
-4.74033e-06
2.58324e-06
-4.85409e-06
2.0249e-06
-4.94045e-06
1.44417e-06
-4.99979e-06
8.46107e-07
-5.032e-06
2.35397e-07
-5.03642e-06
-3.83334e-07
-5.01183e-06
-1.00525e-06
-4.95648e-06
-1.62501e-06
-4.86815e-06
-2.23646e-06
-4.74426e-06
-2.83231e-06
-4.58213e-06
-3.40388e-06
-4.37918e-06
-3.94077e-06
-4.13337e-06
-4.43072e-06
-3.8436e-06
-4.85943e-06
-3.51031e-06
-5.2106e-06
-3.13608e-06
-5.46615e-06
-2.72625e-06
-5.60668e-06
-2.28955e-06
-5.61224e-06
-1.83856e-06
-5.46343e-06
-1.38991e-06
-5.14283e-06
-9.64216e-07
-4.63667e-06
-5.85525e-07
-3.93659e-06
-2.80322e-07
-3.04116e-06
-7.61803e-08
-1.95703e-06
-7.00735e-07
-7.08343e-08
7.39297e-07
-2.58792e-07
2.03698e-06
-5.37448e-07
3.13574e-06
-8.80619e-07
4.02884e-06
-1.26411e-06
4.71908e-06
-1.66682e-06
5.21607e-06
-2.07139e-06
5.53433e-06
-2.4643e-06
5.69145e-06
-2.83576e-06
5.70642e-06
-3.17922e-06
5.59832e-06
-3.49089e-06
5.38536e-06
-3.76914e-06
5.08424e-06
-4.01392e-06
4.70984e-06
-4.22629e-06
4.27506e-06
-4.40797e-06
3.79089e-06
-4.56099e-06
3.26653e-06
-4.68735e-06
2.7096e-06
-4.78885e-06
2.1264e-06
-4.86687e-06
1.52219e-06
-4.92223e-06
9.01471e-07
-4.95512e-06
2.68285e-07
-4.965e-06
-3.73459e-07
-4.95057e-06
-1.01968e-06
-4.90982e-06
-1.66577e-06
-4.84001e-06
-2.30626e-06
-4.73787e-06
-2.93446e-06
-4.5997e-06
-3.54205e-06
-4.42171e-06
-4.11875e-06
-4.20041e-06
-4.65203e-06
-3.93306e-06
-5.12677e-06
-3.6184e-06
-5.52527e-06
-3.25731e-06
-5.82724e-06
-2.85372e-06
-6.01027e-06
-2.41537e-06
-6.05059e-06
-1.95458e-06
-5.92422e-06
-1.48868e-06
-5.60873e-06
-1.04009e-06
-5.08526e-06
-6.35805e-07
-4.34088e-06
-3.06287e-07
-3.37068e-06
-8.37751e-08
-2.17954e-06
-7.8451e-07
-7.69837e-08
8.16281e-07
-2.79602e-07
2.2396e-06
-5.77059e-07
3.4332e-06
-9.3899e-07
4.39077e-06
-1.33778e-06
5.11787e-06
-1.74996e-06
5.62825e-06
-2.15684e-06
5.94121e-06
-2.5446e-06
6.07921e-06
-2.90387e-06
6.06569e-06
-3.22912e-06
5.92358e-06
-3.5179e-06
5.67414e-06
-3.77008e-06
5.33642e-06
-3.98715e-06
4.92691e-06
-4.17165e-06
4.45956e-06
-4.32664e-06
3.94588e-06
-4.45532e-06
3.39522e-06
-4.56076e-06
2.81503e-06
-4.64557e-06
2.21122e-06
-4.71183e-06
1.58845e-06
-4.76086e-06
9.50505e-07
-4.7932e-06
3.00619e-07
-4.80846e-06
-3.58197e-07
-4.80534e-06
-1.02279e-06
-4.78159e-06
-1.68952e-06
-4.73403e-06
-2.35383e-06
-4.65864e-06
-3.00984e-06
-4.55075e-06
-3.64994e-06
-4.40523e-06
-4.26427e-06
-4.21695e-06
-4.8403e-06
-3.98131e-06
-5.36241e-06
-3.69492e-06
-5.81166e-06
-3.35652e-06
-6.16563e-06
-2.96803e-06
-6.39876e-06
-2.53564e-06
-6.48298e-06
-2.07086e-06
-6.389e-06
-1.59135e-06
-6.08824e-06
-1.12127e-06
-5.55535e-06
-6.90846e-07
-4.7713e-06
-3.3524e-07
-3.72628e-06
-9.238e-08
-2.4224e-06
-8.7689e-07
-8.42284e-08
9.00509e-07
-3.03711e-07
2.45908e-06
-6.22013e-07
3.7515e-06
-1.0035e-06
4.77226e-06
-1.41644e-06
5.53081e-06
-1.8347e-06
6.0465e-06
-2.23837e-06
6.34489e-06
-2.61363e-06
6.45447e-06
-2.95204e-06
6.40411e-06
-3.24958e-06
6.22112e-06
-3.50563e-06
5.93019e-06
-3.72196e-06
5.55275e-06
-3.90195e-06
5.1069e-06
-4.04986e-06
4.60746e-06
-4.17025e-06
4.06628e-06
-4.26766e-06
3.49263e-06
-4.34622e-06
2.89359e-06
-4.40945e-06
2.27446e-06
-4.46014e-06
1.63914e-06
-4.50016e-06
9.90527e-07
-4.53042e-06
3.30875e-07
-4.55076e-06
-3.37861e-07
-4.55991e-06
-1.01364e-06
-4.55547e-06
-1.69396e-06
-4.53387e-06
-2.37542e-06
-4.49045e-06
-3.05327e-06
-4.41953e-06
-3.72087e-06
-4.31465e-06
-4.36915e-06
-4.16894e-06
-4.986e-06
-3.97566e-06
-5.5557e-06
-3.72893e-06
-6.05839e-06
-3.42481e-06
-6.46975e-06
-3.06253e-06
-6.76104e-06
-2.64596e-06
-6.89956e-06
-2.18506e-06
-6.8499e-06
-1.69724e-06
-6.57606e-06
-1.20811e-06
-6.04448e-06
-7.51423e-07
-5.22798e-06
-3.67817e-07
-4.10989e-06
-1.02242e-07
-2.68797e-06
-9.79133e-07
-9.29625e-08
9.93472e-07
-3.32213e-07
2.69833e-06
-6.73902e-07
4.09319e-06
-1.07568e-06
5.17403e-06
-1.50084e-06
5.95597e-06
-1.92038e-06
6.46604e-06
-2.31342e-06
6.73793e-06
-2.66671e-06
6.80776e-06
-2.97341e-06
6.7108e-06
-3.23168e-06
6.47939e-06
-3.44331e-06
6.14182e-06
-3.61249e-06
5.72193e-06
-3.74479e-06
5.23921e-06
-3.84641e-06
4.70908e-06
-3.9236e-06
4.14346e-06
-3.98223e-06
3.55126e-06
-4.02756e-06
2.93892e-06
-4.06402e-06
2.31091e-06
-4.09507e-06
1.67019e-06
-4.12315e-06
1.0186e-06
-4.14955e-06
3.57275e-07
-4.17438e-06
-3.13028e-07
-4.1965e-06
-9.91523e-07
-4.21343e-06
-1.67702e-06
-4.22136e-06
-2.3675e-06
-4.21506e-06
-3.05957e-06
-4.18799e-06
-3.74794e-06
-4.13239e-06
-4.42474e-06
-4.03963e-06
-5.07876e-06
-3.90065e-06
-5.69469e-06
-3.70675e-06
-6.25228e-06
-3.45074e-06
-6.72576e-06
-3.1284e-06
-7.08338e-06
-2.74029e-06
-7.28767e-06
-2.29381e-06
-7.29638e-06
-1.80519e-06
-7.06468e-06
-1.30099e-06
-6.54869e-06
-8.18536e-07
-5.71043e-06
-4.04888e-07
-4.52354e-06
-1.13712e-07
-2.97915e-06
-1.09284e-06
-1.03751e-07
1.09722e-06
-3.66618e-07
2.9612e-06
-7.34797e-07
4.46137e-06
-1.15729e-06
5.59652e-06
-1.59149e-06
6.39018e-06
-2.00545e-06
6.87999e-06
-2.37788e-06
7.11036e-06
-2.69697e-06
7.12686e-06
-2.95844e-06
6.97227e-06
-3.16352e-06
6.68446e-06
-3.31711e-06
6.2954e-06
-3.42629e-06
5.83112e-06
-3.49918e-06
5.31209e-06
-3.54408e-06
4.75399e-06
-3.56897e-06
4.16835e-06
-3.58107e-06
3.56336e-06
-3.5867e-06
2.94455e-06
-3.59109e-06
2.31531e-06
-3.59837e-06
1.67747e-06
-3.61146e-06
1.03169e-06
-3.63205e-06
3.7786e-07
-3.66053e-06
-2.84542e-07
-3.69597e-06
-9.5609e-07
-3.73595e-06
-1.63704e-06
-3.77654e-06
-2.3269e-06
-3.8122e-06
-3.02391e-06
-3.83568e-06
-3.72446e-06
-3.83813e-06
-4.42229e-06
-3.80922e-06
-5.10768e-06
-3.73755e-06
-5.76636e-06
-3.61135e-06
-6.37848e-06
-3.41966e-06
-6.91745e-06
-3.15393e-06
-7.34911e-06
-2.81028e-06
-7.63131e-06
-2.39218e-06
-7.71448e-06
-1.9133e-06
-7.54355e-06
-1.40015e-06
-7.06184e-06
-8.93476e-07
-6.21711e-06
-4.47664e-07
-4.96935e-06
-1.27295e-07
-3.29952e-06
-1.22014e-06
-1.17417e-07
1.21464e-06
-4.09013e-07
3.2528e-06
-8.07346e-07
4.8597e-06
-1.25025e-06
6.03943e-06
-1.68824e-06
6.82817e-06
-2.08671e-06
7.27846e-06
-2.42505e-06
7.4487e-06
-2.69421e-06
7.39602e-06
-2.89379e-06
7.17185e-06
-3.02915e-06
6.81982e-06
-3.1091e-06
6.37535e-06
-3.1441e-06
5.86612e-06
-3.14506e-06
5.31305e-06
-3.12245e-06
4.73138e-06
-3.08591e-06
4.1318e-06
-3.04389e-06
3.52134e-06
-3.00359e-06
2.90425e-06
-2.97093e-06
2.28265e-06
-2.95051e-06
1.65705e-06
-2.94565e-06
1.02684e-06
-2.9584e-06
3.90605e-07
-2.98945e-06
-2.53488e-07
-3.03813e-06
-9.07413e-07
-3.10225e-06
-1.57292e-06
-3.17798e-06
-2.25117e-06
-3.2597e-06
-2.9422e-06
-3.33982e-06
-3.64434e-06
-3.40867e-06
-4.35344e-06
-3.45451e-06
-5.06183e-06
-3.46377e-06
-5.75711e-06
-3.42153e-06
-6.42072e-06
-3.31265e-06
-7.02634e-06
-3.12343e-06
-7.53832e-06
-2.84423e-06
-7.91051e-06
-2.47279e-06
-8.08592e-06
-2.01832e-06
-7.99803e-06
-1.50555e-06
-7.5746e-06
-9.77867e-07
-6.7448e-06
-4.97847e-07
-5.44937e-06
-1.43741e-07
-3.65362e-06
-1.36388e-06
-1.35193e-07
1.34983e-06
-4.623e-07
3.5799e-06
-8.94841e-07
5.29224e-06
-1.35626e-06
6.50084e-06
-1.78943e-06
7.26134e-06
-2.15808e-06
7.64711e-06
-2.4441e-06
7.73472e-06
-2.64323e-06
7.59516e-06
-2.76064e-06
7.28926e-06
-2.80708e-06
6.86626e-06
-2.79604e-06
6.36431e-06
-2.74178e-06
5.81186e-06
-2.65806e-06
5.22932e-06
-2.55742e-06
4.63075e-06
-2.45092e-06
4.0253e-06
-2.34795e-06
3.41837e-06
-2.25633e-06
2.81263e-06
-2.18235e-06
2.20867e-06
-2.13089e-06
1.60559e-06
-2.10552e-06
1.00146e-06
-2.10851e-06
3.93596e-07
-2.14086e-06
-2.21135e-07
-2.20223e-06
-8.46044e-07
-2.29081e-06
-1.48435e-06
-2.40312e-06
-2.13885e-06
-2.53383e-06
-2.81149e-06
-2.67541e-06
-3.50276e-06
-2.81789e-06
-4.21096e-06
-2.94864e-06
-4.93108e-06
-3.05229e-06
-5.65346e-06
-3.11103e-06
-6.36198e-06
-3.10539e-06
-7.03198e-06
-3.01586e-06
-7.62785e-06
-2.82561e-06
-8.10076e-06
-2.52455e-06
-8.38698e-06
-2.11469e-06
-8.40789e-06
-1.61632e-06
-8.07298e-06
-1.07366e-06
-7.28746e-06
-5.57844e-07
-5.96518e-06
-1.64198e-07
-4.04727e-06
-1.52808e-06
-1.58973e-07
1.50881e-06
-5.30525e-07
3.95146e-06
-1.00116e-06
5.76287e-06
-1.47602e-06
6.97571e-06
-1.89034e-06
7.67566e-06
-2.20842e-06
7.96519e-06
-2.41766e-06
7.94396e-06
-2.52139e-06
7.69889e-06
-2.53245e-06
7.30031e-06
-2.46832e-06
6.80213e-06
-2.34784e-06
6.24384e-06
-2.18917e-06
5.65319e-06
-2.00874e-06
5.04889e-06
-1.8208e-06
4.4428e-06
-1.63732e-06
3.84182e-06
-1.46818e-06
3.24924e-06
-1.32135e-06
2.6658e-06
-1.20312e-06
2.09044e-06
-1.11835e-06
1.52083e-06
-1.07061e-06
9.53717e-07
-1.06227e-06
3.85255e-07
-1.09456e-06
-1.88838e-07
-1.16754e-06
-7.73066e-07
-1.27992e-06
-1.37197e-06
-1.42888e-06
-1.98989e-06
-1.60976e-06
-2.63061e-06
-1.81565e-06
-3.29687e-06
-2.03694e-06
-3.98966e-06
-2.26087e-06
-4.70716e-06
-2.47107e-06
-5.44325e-06
-2.64747e-06
-6.18558e-06
-2.76659e-06
-6.91286e-06
-2.80279e-06
-7.59165e-06
-2.73086e-06
-8.17269e-06
-2.53047e-06
-8.58737e-06
-2.19291e-06
-8.74545e-06
-1.72986e-06
-8.53602e-06
-1.18295e-06
-7.83437e-06
-6.3106e-07
-6.51708e-06
-1.90463e-07
-4.48787e-06
-1.71854e-06
-1.91758e-07
1.70056e-06
-6.19299e-07
4.379e-06
-1.13033e-06
6.2739e-06
-1.60759e-06
7.45297e-06
-1.9804e-06
8.04847e-06
-2.21805e-06
8.20285e-06
-2.31811e-06
8.04402e-06
-2.29514e-06
7.67592e-06
-2.17203e-06
7.1772e-06
-1.97414e-06
6.60424e-06
-1.72589e-06
5.99558e-06
-1.44903e-06
5.37633e-06
-1.16202e-06
4.76189e-06
-8.80045e-07
4.16083e-06
-6.15285e-07
3.57706e-06
-3.77378e-07
3.01133e-06
-1.73847e-07
2.46227e-06
-1.05055e-08
1.9271e-06
1.08223e-07
1.4021e-06
1.79058e-07
8.82883e-07
1.99699e-07
3.64613e-07
1.68764e-07
-1.57903e-07
8.58047e-08
-6.90106e-07
-4.85702e-08
-1.2376e-06
-2.32464e-07
-1.806e-06
-4.62338e-07
-2.40073e-06
-7.32529e-07
-3.02668e-06
-1.03463e-06
-3.68756e-06
-1.35674e-06
-4.38505e-06
-1.68269e-06
-5.1173e-06
-1.99134e-06
-5.87693e-06
-2.25621e-06
-6.64799e-06
-2.44595e-06
-7.40191e-06
-2.52629e-06
-8.09235e-06
-2.46438e-06
-8.64928e-06
-2.23653e-06
-8.9733e-06
-1.83989e-06
-8.93266e-06
-1.30734e-06
-8.36692e-06
-7.22237e-07
-7.10218e-06
-2.25438e-07
-4.98467e-06
-1.94398e-06
-2.3842e-07
1.93898e-06
-7.3618e-07
4.87676e-06
-1.28515e-06
6.82287e-06
-1.74283e-06
7.91065e-06
-2.03813e-06
8.34377e-06
-2.1531e-06
8.31781e-06
-2.10211e-06
7.99303e-06
-1.91534e-06
7.48915e-06
-1.62787e-06
6.88973e-06
-1.27341e-06
6.24977e-06
-8.81393e-07
5.60357e-06
-4.76118e-07
4.97106e-06
-7.68505e-08
4.36262e-06
3.01511e-07
3.78247e-06
6.47648e-07
3.23092e-06
9.53061e-07
2.70592e-06
1.21139e-06
2.20393e-06
1.4179e-06
1.72059e-06
1.56903e-06
1.25097e-06
1.66209e-06
7.89823e-07
1.69509e-06
3.31612e-07
1.66662e-06
-1.2943e-07
1.57583e-06
-5.99323e-07
1.42258e-06
-1.08434e-06
1.20759e-06
-1.59101e-06
9.32857e-07
-2.126e-06
6.0216e-07
-2.69598e-06
2.21794e-07
-3.3072e-06
-1.98473e-07
-3.96478e-06
-6.44228e-07
-4.67155e-06
-1.0951e-06
-5.42606e-06
-1.52352e-06
-6.21957e-06
-1.89399e-06
-7.03144e-06
-2.1637e-06
-7.82264e-06
-2.28582e-06
-8.52717e-06
-2.2172e-06
-9.04191e-06
-1.93262e-06
-9.21724e-06
-1.44619e-06
-8.85336e-06
-8.37673e-07
-7.71069e-06
-2.73893e-07
-5.54845e-06
-2.21787e-06
-3.06976e-07
2.24596e-06
-8.90509e-07
5.46029e-06
-1.46344e-06
7.3958e-06
-1.86034e-06
8.30755e-06
-2.02224e-06
8.50566e-06
-1.95647e-06
8.25204e-06
-1.70279e-06
7.73935e-06
-1.31123e-06
7.09759e-06
-8.29959e-07
6.40846e-06
-3.00072e-07
5.71989e-06
2.45814e-07
5.05769e-06
7.82986e-07
4.43389e-06
1.29333e-06
3.85228e-06
1.76388e-06
3.31191e-06
2.18554e-06
2.80926e-06
2.55199e-06
2.33947e-06
2.85883e-06
1.89709e-06
3.10297e-06
1.47645e-06
3.28213e-06
1.07181e-06
3.39457e-06
6.77386e-07
3.4388e-06
2.8738e-07
3.41352e-06
-1.0415e-07
3.31756e-06
-5.03361e-07
3.14995e-06
-9.16735e-07
2.91012e-06
-1.35117e-06
2.59818e-06
-1.81407e-06
2.21547e-06
-2.31327e-06
1.76527e-06
-2.857e-06
1.25391e-06
-3.45341e-06
6.92162e-07
-4.1098e-06
9.71752e-08
-4.83107e-06
-5.05355e-07
-5.61704e-06
-1.07893e-06
-6.45787e-06
-1.57473e-06
-7.32683e-06
-1.93249e-06
-8.16941e-06
-2.0863e-06
-8.88811e-06
-1.97944e-06
-9.32409e-06
-1.59231e-06
-9.24049e-06
-9.84681e-07
-8.31832e-06
-3.43696e-07
-6.18943e-06
-2.56157e-06
-4.10402e-07
2.65636e-06
-1.09103e-06
6.14092e-06
-1.64871e-06
7.95348e-06
-1.91125e-06
8.5701e-06
-1.85629e-06
8.4507e-06
-1.53431e-06
7.93007e-06
-1.01938e-06
7.22441e-06
-3.83396e-07
6.4616e-06
3.14196e-07
5.71087e-06
1.02844e-06
5.00565e-06
1.72728e-06
4.35885e-06
2.38888e-06
3.77228e-06
2.99895e-06
3.24221e-06
3.54849e-06
2.76237e-06
4.03208e-06
2.32567e-06
4.44661e-06
1.92494e-06
4.79035e-06
1.55335e-06
5.06237e-06
1.20444e-06
5.26202e-06
8.72154e-07
5.3887e-06
5.50699e-07
5.44165e-06
2.34435e-07
5.41979e-06
-8.22873e-08
5.32172e-06
-4.05288e-07
5.14572e-06
-7.40736e-07
4.88987e-06
-1.09533e-06
4.55228e-06
-1.47648e-06
4.13148e-06
-1.89247e-06
3.62706e-06
-2.35259e-06
3.04071e-06
-2.86706e-06
2.37771e-06
-3.4468e-06
1.64912e-06
-4.10249e-06
8.74849e-07
-4.84277e-06
8.74075e-08
-5.67042e-06
-6.6384e-07
-6.57558e-06
-1.30951e-06
-7.52374e-06
-1.76122e-06
-8.4364e-06
-1.92296e-06
-9.16236e-06
-1.72189e-06
-9.44155e-06
-1.16841e-06
-8.8718e-06
-4.47425e-07
-6.91042e-06
-3.00899e-06
-5.67713e-07
3.22407e-06
-1.33587e-06
6.90907e-06
-1.78784e-06
8.40545e-06
-1.79192e-06
8.57417e-06
-1.40347e-06
8.06226e-06
-7.36727e-07
7.26333e-06
9.52844e-08
6.3924e-06
1.00265e-06
5.55424e-06
1.92164e-06
4.79188e-06
2.81046e-06
4.11682e-06
3.64348e-06
3.52583e-06
4.4061e-06
3.00966e-06
5.09089e-06
2.55741e-06
5.69485e-06
2.15842e-06
6.21749e-06
1.80302e-06
6.65971e-06
1.48273e-06
7.02291e-06
1.19015e-06
7.30853e-06
9.18814e-07
7.51775e-06
6.6294e-07
7.6512e-06
4.17246e-07
7.70891e-06
1.76729e-07
7.69014e-06
-6.35243e-08
7.5934e-06
-3.08546e-07
7.41636e-06
-5.63692e-07
7.1559e-06
-8.34873e-07
6.80823e-06
-1.12881e-06
6.36908e-06
-1.45331e-06
5.8341e-06
-1.8176e-06
5.19964e-06
-2.2326e-06
4.46402e-06
-2.71117e-06
3.62959e-06
-3.26806e-06
2.70606e-06
-3.91924e-06
1.71542e-06
-4.67979e-06
6.98784e-07
-5.55894e-06
-2.75409e-07
-6.54955e-06
-1.10424e-06
-7.60757e-06
-1.65146e-06
-8.61513e-06
-1.7716e-06
-9.32142e-06
-1.38019e-06
-9.2632e-06
-6.02669e-07
-7.68794e-06
-3.61166e-06
-7.96839e-07
4.02091e-06
-1.57856e-06
7.69079e-06
-1.74e-06
8.56689e-06
-1.29376e-06
8.12794e-06
-4.28501e-07
7.197e-06
6.65737e-07
6.16909e-06
1.84581e-06
5.21233e-06
3.01889e-06
4.38116e-06
4.13109e-06
3.67967e-06
5.15455e-06
3.09337e-06
6.07732e-06
2.60306e-06
6.89661e-06
2.19038e-06
7.61448e-06
1.83954e-06
8.23526e-06
1.53763e-06
8.76408e-06
1.2742e-06
9.20596e-06
1.04085e-06
9.5654e-06
8.30708e-07
9.84612e-06
6.38095e-07
1.00509e-05
4.58151e-07
1.01816e-05
2.86586e-07
1.02389e-05
1.19443e-07
1.02224e-05
-4.70998e-08
1.01308e-05
-2.16931e-07
9.96133e-06
-3.94205e-07
9.71002e-06
-5.83562e-07
9.37161e-06
-7.904e-07
8.93949e-06
-1.0212e-06
8.40581e-06
-1.28392e-06
7.76174e-06
-1.58854e-06
6.99822e-06
-1.94765e-06
6.10732e-06
-2.37717e-06
5.08501e-06
-2.89693e-06
3.93594e-06
-3.53072e-06
2.68158e-06
-4.30459e-06
1.37285e-06
-5.24082e-06
1.07179e-07
-6.3419e-06
-9.54756e-07
-7.55319e-06
-1.58895e-06
-8.68722e-06
-1.56112e-06
-9.29104e-06
-8.2264e-07
-8.42642e-06
-4.4343e-06
-1.07708e-06
5.09799e-06
-1.63192e-06
8.24563e-06
-1.16802e-06
8.10298e-06
-1.90913e-08
6.97901e-06
1.45221e-06
5.7257e-06
3.00296e-06
4.61834e-06
4.4961e-06
3.71919e-06
5.86634e-06
3.01091e-06
7.09023e-06
2.45578e-06
8.16595e-06
2.01765e-06
9.10161e-06
1.6674e-06
9.90902e-06
1.38297e-06
1.06005e-05
1.14802e-06
1.11877e-05
9.50491e-07
1.16805e-05
7.81405e-07
1.20874e-05
6.33961e-07
1.24152e-05
5.02901e-07
1.26692e-05
3.8404e-07
1.28535e-05
2.73934e-07
1.29704e-05
1.69626e-07
1.30214e-05
6.84493e-08
1.30064e-05
-3.2135e-08
1.29242e-05
-1.34693e-07
1.2772e-05
-2.4197e-07
1.25455e-05
-3.5707e-07
1.22387e-05
-4.83666e-07
1.18438e-05
-6.2628e-07
1.13506e-05
-7.90669e-07
1.07464e-05
-9.84348e-07
1.00161e-05
-1.21735e-06
9.1422e-06
-1.50328e-06
8.10608e-06
-1.8608e-06
6.89082e-06
-2.31546e-06
5.48783e-06
-2.9016e-06
3.90999e-06
-3.66298e-06
2.21557e-06
-4.64748e-06
5.45385e-07
-5.88301e-06
-8.33162e-07
-7.30867e-06
-1.50651e-06
-8.61769e-06
-1.07439e-06
-8.85854e-06
-5.5087e-06
-1.22674e-06
6.32474e-06
-9.27777e-07
7.94667e-06
6.72624e-07
6.50258e-06
2.74285e-06
4.90879e-06
4.81845e-06
3.65009e-06
6.70618e-06
2.73061e-06
8.34794e-06
2.07743e-06
9.74663e-06
1.61223e-06
1.0928e-05
1.27441e-06
1.19229e-05
1.02278e-06
1.276e-05
8.30293e-07
1.34638e-05
6.79182e-07
1.40542e-05
5.576e-07
1.45472e-05
4.57485e-07
1.49554e-05
3.73203e-07
1.52887e-05
3.007e-07
1.55546e-05
2.36964e-07
1.5759e-05
1.79681e-07
1.59059e-05
1.26996e-07
1.59982e-05
7.73531e-08
1.60372e-05
2.93761e-08
1.60233e-05
-1.82318e-08
1.59554e-05
-6.6773e-08
1.58311e-05
-1.17644e-07
1.56464e-05
-1.72434e-07
1.53958e-05
-2.33054e-07
1.50715e-05
-3.01902e-07
1.46629e-05
-3.82113e-07
1.41565e-05
-4.77923e-07
1.35344e-05
-5.95233e-07
1.27736e-05
-7.42521e-07
1.18451e-05
-9.32295e-07
1.07131e-05
-1.18349e-06
9.33679e-06
-1.52526e-06
7.67666e-06
-2.00285e-06
5.71363e-06
-2.68444e-06
3.49233e-06
-3.66171e-06
1.20772e-06
-5.02407e-06
-6.42674e-07
-6.76729e-06
-1.15425e-06
-8.34697e-06
-6.66295e-06
-3.27093e-07
6.65183e-06
2.16285e-06
5.45672e-06
5.31974e-06
3.3457e-06
8.1385e-06
2.09002e-06
1.04291e-05
1.35945e-06
1.22393e-05
9.20485e-07
1.36653e-05
6.51373e-07
1.47969e-05
4.80619e-07
1.57044e-05
3.66961e-07
1.64397e-05
2.8747e-07
1.70407e-05
2.29332e-07
1.75347e-05
1.85134e-07
1.79419e-05
1.50401e-07
1.82771e-05
1.22303e-07
1.85513e-05
9.89723e-08
1.87729e-05
7.91231e-08
1.8948e-05
6.18298e-08
1.90813e-05
4.63991e-08
1.9176e-05
3.22874e-08
1.92343e-05
1.90464e-08
1.92574e-05
6.28423e-09
1.92455e-05
-6.36507e-09
1.9198e-05
-1.92673e-08
1.91132e-05
-3.28155e-08
1.89882e-05
-4.746e-08
1.88189e-05
-6.37474e-08
1.85994e-05
-8.23749e-08
1.83216e-05
-1.04272e-07
1.79744e-05
-1.30726e-07
1.75427e-05
-1.636e-07
1.70059e-05
-2.05693e-07
1.6335e-05
-2.61421e-07
1.54896e-05
-3.38089e-07
1.44128e-05
-4.48419e-07
1.30255e-05
-6.15539e-07
1.12233e-05
-8.82313e-07
8.88825e-06
-1.32662e-06
5.95051e-06
-2.08633e-06
2.59578e-06
-3.41255e-06
-1.39505e-07
-5.61168e-06
-6.80245e-06
6.65183e-06
1.21086e-05
1.54543e-05
1.75443e-05
1.89037e-05
1.98242e-05
2.04756e-05
2.09562e-05
2.13232e-05
2.16106e-05
2.184e-05
2.20251e-05
2.21755e-05
2.22978e-05
2.23968e-05
2.24759e-05
2.25377e-05
2.25841e-05
2.26164e-05
2.26355e-05
2.26417e-05
2.26354e-05
2.26161e-05
2.25833e-05
2.25358e-05
2.24721e-05
2.23897e-05
2.22854e-05
2.21547e-05
2.19911e-05
2.17854e-05
2.1524e-05
2.11859e-05
2.07375e-05
2.0122e-05
1.92396e-05
1.7913e-05
1.58267e-05
1.24141e-05
6.80245e-06
)
;

boundaryField
{
    movingWall
    {
        type            calculated;
        value           uniform 0;
    }
    fixedWalls
    {
        type            calculated;
        value           uniform 0;
    }
    frontAndBack
    {
        type            empty;
        value           nonuniform List<scalar> 0();
    }
}


// ************************************************************************* //
