/*--------------------------------*- C++ -*----------------------------------*\
| =========                 |                                                 |
| \\      /  F ield         | OpenFOAM: The Open Source CFD Toolbox           |
|  \\    /   O peration     | Version:  2306                                  |
|   \\  /    A nd           | Website:  www.openfoam.com                      |
|    \\/     M anipulation  |                                                 |
\*---------------------------------------------------------------------------*/
FoamFile
{
    version     2.0;
    format      ascii;
    arch        "LSB;label=32;scalar=64";
    class       volVectorField;
    location    "0.7";
    object      U;
}
// * * * * * * * * * * * * * * * * * * * * * * * * * * * * * * * * * * * * * //

dimensions      [0 1 -1 0 0 0 0];

internalField   nonuniform List<vector> 
1681
(
(5.67868e-05 -5.66714e-05 0)
(0.000149117 -5.54694e-05 0)
(0.000157263 -9.92116e-06 0)
(2.60596e-05 4.52056e-05 0)
(-0.00025439 9.72675e-05 0)
(-0.000670206 0.000141699 0)
(-0.00119967 0.000177112 0)
(-0.00181847 0.000203454 0)
(-0.00250187 0.000221191 0)
(-0.00322584 0.000230968 0)
(-0.00396761 0.000233478 0)
(-0.00470603 0.00022941 0)
(-0.00542171 0.00021944 0)
(-0.00609709 0.00020422 0)
(-0.00671647 0.00018438 0)
(-0.00726606 0.000160532 0)
(-0.00773398 0.000133278 0)
(-0.00811025 0.000103217 0)
(-0.00838685 7.0954e-05 0)
(-0.00855777 3.71044e-05 0)
(-0.00861901 2.30451e-06 0)
(-0.00856873 -3.27846e-05 0)
(-0.00840726 -6.74721e-05 0)
(-0.00813723 -0.000101035 0)
(-0.00776361 -0.000132721 0)
(-0.00729378 -0.000161751 0)
(-0.00673761 -0.000187329 0)
(-0.00610741 -0.000208647 0)
(-0.00541793 -0.000224907 0)
(-0.00468628 -0.000235323 0)
(-0.00393175 -0.000239148 0)
(-0.00317565 -0.000235683 0)
(-0.00244094 -0.000224299 0)
(-0.00175192 -0.000204463 0)
(-0.00113357 -0.000175785 0)
(-0.000610794 -0.000138143 0)
(-0.000207062 -9.2007e-05 0)
(5.78343e-05 -3.92336e-05 0)
(0.000173108 1.51598e-05 0)
(0.000152801 5.82241e-05 0)
(5.64013e-05 5.61927e-05 0)
(5.67898e-05 -0.000149659 0)
(7.85632e-05 -7.576e-05 0)
(-0.000139878 0.000154703 0)
(-0.000676263 0.000428615 0)
(-0.00154803 0.000695641 0)
(-0.0027335 0.000931748 0)
(-0.00419 0.00112591 0)
(-0.00586429 0.00127406 0)
(-0.00769858 0.00137573 0)
(-0.00963424 0.0014324 0)
(-0.011614 0.00144655 0)
(-0.0135835 0.00142122 0)
(-0.0154919 0.00135981 0)
(-0.0172929 0.00126586 0)
(-0.0189446 0.00114301 0)
(-0.02041 0.000994954 0)
(-0.0216571 0.000825447 0)
(-0.0226592 0.00063829 0)
(-0.0233947 0.000437369 0)
(-0.0238477 0.000226668 0)
(-0.0240075 1.02931e-05 0)
(-0.0238697 -0.000207508 0)
(-0.0234356 -0.000422337 0)
(-0.0227124 -0.000629648 0)
(-0.0217142 -0.000824767 0)
(-0.0204609 -0.00100293 0)
(-0.0189792 -0.00115934 0)
(-0.017302 -0.00128924 0)
(-0.0154686 -0.001388 0)
(-0.013524 -0.00145124 0)
(-0.0115184 -0.00147498 0)
(-0.0095068 -0.00145576 0)
(-0.00754758 -0.00139089 0)
(-0.00570123 -0.0012787 0)
(-0.00402838 -0.00111903 0)
(-0.00258704 -0.000913979 0)
(-0.00142859 -0.000669554 0)
(-0.000591626 -0.000398787 0)
(-9.17516e-05 -0.000127437 0)
(9.6478e-05 9.33092e-05 0)
(5.95721e-05 0.000153121 0)
(1.38806e-05 -0.000162244 0)
(-0.00014508 0.000139894 0)
(-0.000714722 0.000724228 0)
(-0.00174443 0.00139752 0)
(-0.00324017 0.00205904 0)
(-0.00517252 0.00265224 0)
(-0.0074847 0.00314663 0)
(-0.0101038 0.00352781 0)
(-0.0129488 0.00379099 0)
(-0.0159357 0.00393717 0)
(-0.0189812 0.00397086 0)
(-0.022005 0.0038988 0)
(-0.0249315 0.0037291 0)
(-0.0276908 0.00347075 0)
(-0.0302198 0.00313329 0)
(-0.0324623 0.00272664 0)
(-0.0343697 0.00226103 0)
(-0.0359012 0.00174694 0)
(-0.0370242 0.00119515 0)
(-0.0377143 0.000616729 0)
(-0.0379559 2.31021e-05 0)
(-0.0377422 -0.000573951 0)
(-0.0370755 -0.00116228 0)
(-0.0359674 -0.0017294 0)
(-0.0344392 -0.00226255 0)
(-0.0325219 -0.00274883 0)
(-0.0302558 -0.00317534 0)
(-0.0276912 -0.0035294 0)
(-0.0248869 -0.00379889 0)
(-0.0219105 -0.0039725 0)
(-0.0188372 -0.00404022 0)
(-0.0157481 -0.00399381 0)
(-0.0127289 -0.00382747 0)
(-0.00986729 -0.00353869 0)
(-0.00725004 -0.00312956 0)
(-0.00495852 -0.00260882 0)
(-0.00306332 -0.00199533 0)
(-0.00161609 -0.00132405 0)
(-0.000638608 -0.00065522 0)
(-0.000114287 -9.12808e-05 0)
(1.95958e-05 0.000178145 0)
(-3.87596e-05 -3.9797e-05 0)
(-0.000416281 0.000671415 0)
(-0.00139405 0.00175401 0)
(-0.00296417 0.00295416 0)
(-0.00510554 0.00412534 0)
(-0.00777552 0.00517748 0)
(-0.010903 0.00605762 0)
(-0.0143984 0.00673792 0)
(-0.0181625 0.00720688 0)
(-0.0220918 0.00746365 0)
(-0.0260827 0.00751435 0)
(-0.0300345 0.00736979 0)
(-0.0338518 0.00704382 0)
(-0.0374461 0.00655238 0)
(-0.0407369 0.00591278 0)
(-0.0436524 0.00514335 0)
(-0.0461305 0.00426315 0)
(-0.048119 0.00329191 0)
(-0.049576 0.00224994 0)
(-0.0504704 0.00115821 0)
(-0.0507823 3.83108e-05 0)
(-0.0505032 -0.0010875 0)
(-0.0496363 -0.00219634 0)
(-0.0481967 -0.00326475 0)
(-0.0462119 -0.00426887 0)
(-0.0437217 -0.00518467 0)
(-0.0407778 -0.00598826 0)
(-0.0374441 -0.00665634 0)
(-0.0337957 -0.00716678 0)
(-0.0299181 -0.00749922 0)
(-0.0259062 -0.00763596 0)
(-0.021862 -0.00756293 0)
(-0.0178926 -0.00727093 0)
(-0.014107 -0.00675731 0)
(-0.0106121 -0.00602817 0)
(-0.00750805 -0.00510172 0)
(-0.00488203 -0.00401336 0)
(-0.00279951 -0.0028236 0)
(-0.00129442 -0.00162882 0)
(-0.000374792 -0.000578984 0)
(-3.06886e-05 7.48202e-05 0)
(-9.01542e-05 0.000231457 0)
(-0.000693348 0.00154935 0)
(-0.00209882 0.00327254 0)
(-0.00422846 0.00510953 0)
(-0.00702418 0.00687872 0)
(-0.0104243 0.00846125 0)
(-0.0143409 0.00978306 0)
(-0.0186679 0.0108025 0)
(-0.0232899 0.0115007 0)
(-0.0280868 0.0118741 0)
(-0.0329386 0.0119303 0)
(-0.0377281 0.0116842 0)
(-0.042344 0.0111562 0)
(-0.0466827 0.0103702 0)
(-0.0506498 0.00935255 0)
(-0.054161 0.00813157 0)
(-0.0571431 0.00673698 0)
(-0.0595346 0.00519968 0)
(-0.0612863 0.00355163 0)
(-0.0623615 0.00182579 0)
(-0.0627367 5.6172e-05 0)
(-0.0624021 -0.00172221 0)
(-0.0613614 -0.00347341 0)
(-0.0596327 -0.0051607 0)
(-0.0572483 -0.00674679 0)
(-0.0542548 -0.00819425 0)
(-0.0507133 -0.00946603 0)
(-0.0466986 -0.0105262 0)
(-0.0422987 -0.0113407 0)
(-0.0376136 -0.0118787 0)
(-0.032754 -0.0121135 0)
(-0.0278388 -0.0120245 0)
(-0.0229924 -0.011599 0)
(-0.0183416 -0.0108345 0)
(-0.0140107 -0.0097419 0)
(-0.0101167 -0.00835009 0)
(-0.00676372 -0.00671172 0)
(-0.00403388 -0.00491207 0)
(-0.00197932 -0.00307973 0)
(-0.000642715 -0.00140263 0)
(-8.00739e-05 -0.000172018 0)
(-0.000137237 0.000646299 0)
(-0.000960083 0.00277581 0)
(-0.0027922 0.00528827 0)
(-0.00548262 0.00787223 0)
(-0.0089313 0.0103218 0)
(-0.013053 0.0124958 0)
(-0.01774 0.0143027 0)
(-0.0228686 0.0156885 0)
(-0.0283073 0.0166274 0)
(-0.0339211 0.0171139 0)
(-0.0395754 0.0171571 0)
(-0.0451393 0.0167766 0)
(-0.0504882 0.0159997 0)
(-0.0555064 0.0148593 0)
(-0.060088 0.0133921 0)
(-0.0641386 0.0116375 0)
(-0.0675763 0.00963752 0)
(-0.070332 0.00743568 0)
(-0.0723505 0.00507725 0)
(-0.0735906 0.00260899 0)
(-0.074026 7.90982e-05 0)
(-0.0736454 -0.00246283 0)
(-0.072453 -0.00496593 0)
(-0.0704688 -0.00737828 0)
(-0.0677289 -0.00964732 0)
(-0.0642853 -0.0117204 0)
(-0.0602061 -0.0135454 0)
(-0.055575 -0.0150721 0)
(-0.0504901 -0.0162531 0)
(-0.0450633 -0.0170454 0)
(-0.0394182 -0.0174125 0)
(-0.0336879 -0.0173262 0)
(-0.028012 -0.0167698 0)
(-0.0225328 -0.0157407 0)
(-0.017391 -0.0142545 0)
(-0.0127209 -0.0123502 0)
(-0.00864479 -0.0100966 0)
(-0.00526494 -0.00760105 0)
(-0.00265634 -0.00501872 0)
(-0.000901535 -0.00256598 0)
(-0.000125326 -0.000557836 0)
(-0.00017977 0.00119539 0)
(-0.0012118 0.00434088 0)
(-0.00345996 0.00779494 0)
(-0.00670289 0.0112379 0)
(-0.010797 0.0144487 0)
(-0.0156307 0.0172706 0)
(-0.0210736 0.0195987 0)
(-0.0269831 0.0213699 0)
(-0.0332109 0.0225533 0)
(-0.0396074 0.0231422 0)
(-0.0460244 0.0231483 0)
(-0.0523189 0.0225969 0)
(-0.0583552 0.0215232 0)
(-0.064007 0.0199698 0)
(-0.0691593 0.0179847 0)
(-0.0737096 0.0156198 0)
(-0.0775687 0.0129303 0)
(-0.0806616 0.00997386 0)
(-0.0829282 0.00681027 0)
(-0.0843236 0.00350142 0)
(-0.0848192 0.000111116 0)
(-0.0844021 -0.00329504 0)
(-0.0830768 -0.00664979 0)
(-0.0808644 -0.00988459 0)
(-0.0778036 -0.0129301 0)
(-0.0739505 -0.0157167 0)
(-0.0693785 -0.0181762 0)
(-0.0641779 -0.0202421 0)
(-0.0584552 -0.0218523 0)
(-0.0523321 -0.0229506 0)
(-0.0459431 -0.0234889 0)
(-0.0394337 -0.0234309 0)
(-0.0329573 -0.0227543 0)
(-0.0266713 -0.0214556 0)
(-0.0207328 -0.0195539 0)
(-0.0152942 -0.0170969 0)
(-0.0104985 -0.0141672 0)
(-0.00647067 -0.0108903 0)
(-0.003312 -0.00744257 0)
(-0.00114669 -0.00406094 0)
(-0.000166168 -0.00107386 0)
(-0.000218529 0.00186972 0)
(-0.00144919 0.00623113 0)
(-0.00410011 0.0107803 0)
(-0.00788377 0.0151961 0)
(-0.0126133 0.0192494 0)
(-0.018149 0.0227737 0)
(-0.0243365 0.0256557 0)
(-0.0310121 0.0278265 0)
(-0.0380103 0.0292526 0)
(-0.0451663 0.0299283 0)
(-0.0523192 0.0298695 0)
(-0.0593144 0.0291081 0)
(-0.0660063 0.0276885 0)
(-0.0722597 0.0256642 0)
(-0.0779521 0.0230953 0)
(-0.0829742 0.0200475 0)
(-0.0872311 0.01659 0)
(-0.090643 0.0127956 0)
(-0.093146 0.00873967 0)
(-0.0946921 0.00450026 0)
(-0.0952504 0.000157781 0)
(-0.0948069 -0.00420511 0)
(-0.0933655 -0.00850369 0)
(-0.0909479 -0.0126516 0)
(-0.0875944 -0.0165615 0)
(-0.0833636 -0.020146 0)
(-0.0783329 -0.0233186 0)
(-0.0725976 -0.025996 0)
(-0.0662711 -0.0280997 0)
(-0.0594827 -0.0295585 0)
(-0.0523769 -0.0303119 0)
(-0.0451105 -0.0303131 0)
(-0.0378502 -0.0295333 0)
(-0.0307683 -0.027966 0)
(-0.0240393 -0.0256322 0)
(-0.0178352 -0.0225858 0)
(-0.0123214 -0.01892 0)
(-0.00764851 -0.014775 0)
(-0.00394582 -0.0103432 0)
(-0.00137936 -0.00587656 0)
(-0.00020344 -0.00171181 0)
(-0.000254525 0.00266186 0)
(-0.0016751 0.00843385 0)
(-0.00471658 0.0142314 0)
(-0.00902942 0.0197355 0)
(-0.0143846 0.0247138 0)
(-0.0206136 0.0289952 0)
(-0.0275365 0.0324623 0)
(-0.0349676 0.0350442 0)
(-0.0427232 0.0367082 0)
(-0.0506229 0.0374519 0)
(-0.0584931 0.0372972 0)
(-0.0661681 0.0362847 0)
(-0.0734933 0.0344693 0)
(-0.0803258 0.0319164 0)
(-0.0865366 0.0286998 0)
(-0.0920109 0.0248994 0)
(-0.0966494 0.0205997 0)
(-0.100368 0.0158892 0)
(-0.103101 0.0108597 0)
(-0.104797 0.00560612 0)
(-0.105423 0.000226121 0)
(-0.104963 -0.00517983 0)
(-0.103422 -0.0105088 0)
(-0.10082 -0.0156558 0)
(-0.0971975 -0.0205146 0)
(-0.0926156 -0.0249787 0)
(-0.0871536 -0.0289427 0)
(-0.0809108 -0.0323046 0)
(-0.0740054 -0.0349681 0)
(-0.0665737 -0.0368456 0)
(-0.0587688 -0.0378621 0)
(-0.0507584 -0.0379586 0)
(-0.0427221 -0.0370975 0)
(-0.034848 -0.0352672 0)
(-0.0273286 -0.0324877 0)
(-0.0203573 -0.0288162 0)
(-0.014124 -0.0243537 0)
(-0.00880656 -0.019251 0)
(-0.00456383 -0.0137131 0)
(-0.00160318 -0.00800351 0)
(-0.000238279 -0.00246532 0)
(-0.000288711 0.00356642 0)
(-0.00189297 0.0109389 0)
(-0.00531571 0.0181374 0)
(-0.0101486 0.0248462 0)
(-0.0161216 0.0308334 0)
(-0.0230369 0.0359271 0)
(-0.0306883 0.0400101 0)
(-0.0388674 0.0430135 0)
(-0.0473709 0.0449084 0)
(-0.056003 0.0456988 0)
(-0.0645767 0.0454153 0)
(-0.0729161 0.0441089 0)
(-0.0808578 0.0418467 0)
(-0.0882524 0.038708 0)
(-0.0949652 0.0347809 0)
(-0.100877 0.0301608 0)
(-0.105886 0.0249481 0)
(-0.109904 0.0192477 0)
(-0.112863 0.0131683 0)
(-0.11471 0.00682216 0)
(-0.11541 0.000324555 0)
(-0.114946 -0.00620582 0)
(-0.113321 -0.0126474 0)
(-0.110554 -0.018876 0)
(-0.106685 -0.0247657 0)
(-0.101776 -0.0301901 0)
(-0.0959073 -0.0350238 0)
(-0.0891798 -0.0391448 0)
(-0.0817159 -0.0424374 0)
(-0.0736577 -0.0447958 0)
(-0.0651662 -0.0461279 0)
(-0.0564192 -0.0463606 0)
(-0.0476095 -0.0454446 0)
(-0.0389414 -0.0433602 0)
(-0.030627 -0.0401235 0)
(-0.0228824 -0.0357919 0)
(-0.0159239 -0.0304707 0)
(-0.00995823 -0.0243181 0)
(-0.00517497 -0.0175488 0)
(-0.00182258 -0.0104362 0)
(-0.000271813 -0.0033305 0)
(-0.000321907 0.00457998 0)
(-0.0021062 0.0137396 0)
(-0.00590454 0.0224906 0)
(-0.0112518 0.0305213 0)
(-0.0178375 0.0376019 0)
(-0.0254346 0.0435636 0)
(-0.0338099 0.0482932 0)
(-0.0427311 0.0517271 0)
(-0.0519752 0.0538442 0)
(-0.0613302 0.0546582 0)
(-0.070596 0.0542108 0)
(-0.0795865 0.0525663 0)
(-0.0881304 0.049806 0)
(-0.0960724 0.0460243 0)
(-0.103273 0.0413252 0)
(-0.109611 0.0358204 0)
(-0.11498 0.029627 0)
(-0.119292 0.0228668 0)
(-0.122475 0.0156658 0)
(-0.124476 0.00815332 0)
(-0.125258 0.000462779 0)
(-0.124803 -0.00726895 0)
(-0.12311 -0.0149015 0)
(-0.120198 -0.0222911 0)
(-0.116107 -0.029292 0)
(-0.110894 -0.035757 0)
(-0.104642 -0.0415395 0)
(-0.0974521 -0.0464964 0)
(-0.0894491 -0.0504907 0)
(-0.0807797 -0.053396 0)
(-0.0716116 -0.0551013 0)
(-0.062133 -0.055516 0)
(-0.0525497 -0.054576 0)
(-0.0430827 -0.0522503 0)
(-0.0339648 -0.0485473 0)
(-0.0254365 -0.0435211 0)
(-0.0177422 -0.037278 0)
(-0.0111192 -0.0299808 0)
(-0.00578925 -0.0218519 0)
(-0.00204214 -0.0131739 0)
(-0.000305071 -0.00430605 0)
(-0.000354802 0.00570095 0)
(-0.00231794 0.0168324 0)
(-0.00648997 0.0272874 0)
(-0.0123497 0.036757 0)
(-0.0195464 0.045016 0)
(-0.0278231 0.0519013 0)
(-0.0369191 0.0573069 0)
(-0.0465777 0.0611791 0)
(-0.0565556 0.0635078 0)
(-0.0666241 0.06432 0)
(-0.0765703 0.063672 0)
(-0.0861983 0.0616437 0)
(-0.0953295 0.058333 0)
(-0.103804 0.0538513 0)
(-0.111478 0.0483199 0)
(-0.118228 0.0418677 0)
(-0.123948 0.0346291 0)
(-0.128547 0.0267432 0)
(-0.131953 0.0183531 0)
(-0.134112 0.00960559 0)
(-0.134985 0.000651612 0)
(-0.134552 -0.00835389 0)
(-0.13281 -0.0172518 0)
(-0.129776 -0.0258792 0)
(-0.125486 -0.0340696 0)
(-0.119997 -0.0416548 0)
(-0.113387 -0.0484663 0)
(-0.105759 -0.0543381 0)
(-0.0972382 -0.0591104 0)
(-0.0879742 -0.0626338 0)
(-0.078141 -0.0647752 0)
(-0.0679359 -0.0654233 0)
(-0.0575779 -0.0644956 0)
(-0.0473055 -0.0619457 0)
(-0.0373729 -0.0577704 0)
(-0.0280466 -0.0520167 0)
(-0.0196009 -0.0447881 0)
(-0.0123059 -0.0362497 0)
(-0.00641678 -0.0266299 0)
(-0.00226623 -0.0162206 0)
(-0.00033897 -0.00539308 0)
(-0.00038797 0.00692931 0)
(-0.00253095 0.0202174 0)
(-0.00707836 0.0325275 0)
(-0.0134523 0.0435534 0)
(-0.0212613 0.0530753 0)
(-0.0302178 0.0609384 0)
(-0.0400325 0.0670481 0)
(-0.0504239 0.0713638 0)
(-0.0611276 0.0738909 0)
(-0.0718986 0.0746732 0)
(-0.0825111 0.0737853 0)
(-0.0927599 0.0713258 0)
(-0.10246 0.0674117 0)
(-0.111448 0.0621731 0)
(-0.119578 0.0557504 0)
(-0.126725 0.0482906 0)
(-0.132783 0.0399459 0)
(-0.137661 0.0308727 0)
(-0.141288 0.0212312 0)
(-0.143607 0.0111852 0)
(-0.14458 0.000902766 0)
(-0.144184 -0.00944379 0)
(-0.142414 -0.0196771 0)
(-0.139282 -0.0296152 0)
(-0.134822 -0.0390714 0)
(-0.129086 -0.0478558 0)
(-0.122151 -0.0557772 0)
(-0.114114 -0.0626455 0)
(-0.105101 -0.068276 0)
(-0.095264 -0.0724938 0)
(-0.0847808 -0.0751403 0)
(-0.0738572 -0.0760798 0)
(-0.0627253 -0.0752071 0)
(-0.0516409 -0.072456 0)
(-0.0408808 -0.067807 0)
(-0.0307391 -0.0612956 0)
(-0.0215219 -0.053019 0)
(-0.0135344 -0.0431415 0)
(-0.00706735 -0.0318964 0)
(-0.00249902 -0.0195854 0)
(-0.000374332 -0.00659499 0)
(-0.000421901 0.00826644 0)
(-0.00274772 0.0238974 0)
(-0.00767551 0.0382147 0)
(-0.014569 0.0509136 0)
(-0.0229944 0.0617815 0)
(-0.0326324 0.0706748 0)
(-0.0431643 0.0775134 0)
(-0.0542825 0.0822743 0)
(-0.0657018 0.0849828 0)
(-0.0771603 0.0857037 0)
(-0.0884201 0.0845335 0)
(-0.0992677 0.0815931 0)
(-0.109513 0.0770212 0)
(-0.118989 0.0709693 0)
(-0.127552 0.0635978 0)
(-0.135075 0.0550729 0)
(-0.141453 0.0455653 0)
(-0.146599 0.0352485 0)
(-0.15044 0.0242994 0)
(-0.152921 0.012898 0)
(-0.154002 0.00122852 0)
(-0.153659 -0.0105201 0)
(-0.151884 -0.0221532 0)
(-0.148684 -0.0334705 0)
(-0.144087 -0.0442653 0)
(-0.138142 -0.0543265 0)
(-0.130918 -0.063439 0)
(-0.122509 -0.0713876 0)
(-0.113039 -0.0779606 0)
(-0.102657 -0.0829548 0)
(-0.0915459 -0.0861826 0)
(-0.0799176 -0.0874795 0)
(-0.0680162 -0.0867128 0)
(-0.0561154 -0.0837909 0)
(-0.0445151 -0.0786732 0)
(-0.0335385 -0.0713784 0)
(-0.0235258 -0.0619934 0)
(-0.0148198 -0.0506786 0)
(-0.00775027 -0.0376709 0)
(-0.00274438 -0.0232821 0)
(-0.000411906 -0.00791726 0)
(-0.000457022 0.00971493 0)
(-0.00297048 0.0278782 0)
(-0.00828669 0.0443555 0)
(-0.0157082 0.0588438 0)
(-0.0247565 0.0711387 0)
(-0.0350788 0.0811108 0)
(-0.0463255 0.0886987 0)
(-0.0581624 0.0939014 0)
(-0.0702826 0.0967689 0)
(-0.0824079 0.0973918 0)
(-0.094289 0.0958929 0)
(-0.105705 0.092419 0)
(-0.116463 0.0871336 0)
(-0.126394 0.0802118 0)
(-0.135356 0.0718359 0)
(-0.143226 0.0621923 0)
(-0.1499 0.0514699 0)
(-0.155295 0.0398595 0)
(-0.15934 0.0275538 0)
(-0.161982 0.0147481 0)
(-0.163179 0.0016413 0)
(-0.162906 -0.0115624 0)
(-0.16115 -0.0246524 0)
(-0.157916 -0.0374111 0)
(-0.153223 -0.0496131 0)
(-0.147113 -0.0610255 0)
(-0.139648 -0.0714099 0)
(-0.130915 -0.0805244 0)
(-0.121032 -0.0881283 0)
(-0.110145 -0.0939872 0)
(-0.0984373 -0.0978806 0)
(-0.0861265 -0.0996102 0)
(-0.0734672 -0.0990102 0)
(-0.06075 -0.095958 0)
(-0.0482987 -0.0903851 0)
(-0.0364669 -0.0822882 0)
(-0.0256317 -0.0717384 0)
(-0.0161766 -0.058889 0)
(-0.00847438 -0.0439783 0)
(-0.00300598 -0.027329 0)
(-0.000452397 -0.00936738 0)
(-0.000493734 0.0112785 0)
(-0.00320131 0.0321677 0)
(-0.00891689 0.0509599 0)
(-0.0168777 0.0673527 0)
(-0.0265573 0.0811522 0)
(-0.0375669 0.0922465 0)
(-0.0495245 0.100597 0)
(-0.0620677 0.106232 0)
(-0.074868 0.109228 0)
(-0.0876313 0.10971 0)
(-0.100098 0.107831 0)
(-0.112041 0.103767 0)
(-0.123267 0.0977105 0)
(-0.133608 0.0898626 0)
(-0.142925 0.080429 0)
(-0.151101 0.0696172 0)
(-0.158038 0.0576346 0)
(-0.163655 0.0446885 0)
(-0.167888 0.0309863 0)
(-0.170683 0.0167371 0)
(-0.172002 0.00215304 0)
(-0.171816 -0.0125485 0)
(-0.170109 -0.0271431 0)
(-0.166879 -0.0413972 0)
(-0.162138 -0.0550679 0)
(-0.155918 -0.0679019 0)
(-0.148271 -0.0796369 0)
(-0.139274 -0.0900038 0)
(-0.129036 -0.0987309 0)
(-0.117698 -0.105549 0)
(-0.10544 -0.110202 0)
(-0.0924806 -0.11245 0)
(-0.0790847 -0.11209 0)
(-0.0655584 -0.10896 0)
(-0.0522495 -0.102958 0)
(-0.0395435 -0.0940491 0)
(-0.0278571 -0.0822846 0)
(-0.0176185 -0.0678055 0)
(-0.00924815 -0.0508489 0)
(-0.00328741 -0.0317484 0)
(-0.000496491 -0.0109547 0)
(-0.000532438 0.0129619 0)
(-0.00344235 0.0367766 0)
(-0.00957108 0.0580402 0)
(-0.0180851 0.0764512 0)
(-0.0284058 0.0918282 0)
(-0.0401054 0.104081 0)
(-0.0527666 0.1132 0)
(-0.0659981 0.119245 0)
(-0.0794492 0.122333 0)
(-0.0928107 0.122622 0)
(-0.105814 0.120303 0)
(-0.118229 0.115588 0)
(-0.129863 0.1087 0)
(-0.140554 0.0998704 0)
(-0.150168 0.0893287 0)
(-0.158596 0.0773045 0)
(-0.165748 0.0640239 0)
(-0.171551 0.0497095 0)
(-0.175946 0.0345823 0)
(-0.178884 0.018863 0)
(-0.180327 0.00277448 0)
(-0.180245 -0.013455 0)
(-0.178618 -0.0295893 0)
(-0.175437 -0.0453819 0)
(-0.170704 -0.0605739 0)
(-0.16444 -0.0748929 0)
(-0.156684 -0.0880535 0)
(-0.1475 -0.0997588 0)
(-0.136983 -0.109704 0)
(-0.125265 -0.117584 0)
(-0.112518 -0.123099 0)
(-0.0989609 -0.125966 0)
(-0.0848633 -0.125933 0)
(-0.0705459 -0.122794 0)
(-0.05638 -0.116402 0)
(-0.0427842 -0.106685 0)
(-0.0302176 -0.0936648 0)
(-0.0191582 -0.0774648 0)
(-0.0100798 -0.0583178 0)
(-0.00359218 -0.0365671 0)
(-0.000544881 -0.0126903 0)
(-0.000573577 0.014771 0)
(-0.0036959 0.0417179 0)
(-0.0102546 0.0656118 0)
(-0.0193385 0.0861521 0)
(-0.0303112 0.103173 0)
(-0.0427016 0.116611 0)
(-0.0560547 0.126491 0)
(-0.0699485 0.132914 0)
(-0.08401 0.136041 0)
(-0.097916 0.136075 0)
(-0.111391 0.133249 0)
(-0.124206 0.127816 0)
(-0.13617 0.120035 0)
(-0.147131 0.110167 0)
(-0.156965 0.0984705 0)
(-0.165573 0.0851967 0)
(-0.172879 0.0705896 0)
(-0.178818 0.0548864 0)
(-0.183339 0.0383193 0)
(-0.1864 0.0211182 0)
(-0.187965 0.00351417 0)
(-0.188003 -0.014257 0)
(-0.18649 -0.0319509 0)
(-0.183409 -0.0493106 0)
(-0.178752 -0.066064 0)
(-0.172523 -0.0819219 0)
(-0.164747 -0.0965769 0)
(-0.155471 -0.109704 0)
(-0.144772 -0.120966 0)
(-0.132766 -0.130015 0)
(-0.119615 -0.136506 0)
(-0.10553 -0.140106 0)
(-0.0907841 -0.140506 0)
(-0.0757082 -0.137445 0)
(-0.0606963 -0.130721 0)
(-0.0462011 -0.120216 0)
(-0.0327275 -0.105912 0)
(-0.020808 -0.0879073 0)
(-0.0109777 -0.0664245 0)
(-0.00392397 -0.0418156 0)
(-0.000598301 -0.0145874 0)
(-0.000617678 0.016713 0)
(-0.00396467 0.0470075 0)
(-0.0109736 0.073693 0)
(-0.0206469 0.09647 0)
(-0.0322832 0.115192 0)
(-0.0453629 0.129828 0)
(-0.0593897 0.140447 0)
(-0.0739093 0.1472 0)
(-0.0885265 0.1503 0)
(-0.102906 0.150003 0)
(-0.116768 0.146592 0)
(-0.129887 0.140366 0)
(-0.142081 0.131625 0)
(-0.15321 0.120664 0)
(-0.163165 0.107771 0)
(-0.171864 0.0932185 0)
(-0.179243 0.0772682 0)
(-0.185252 0.0601699 0)
(-0.189852 0.0421647 0)
(-0.193007 0.0234887 0)
(-0.194685 0.00437738 0)
(-0.194857 -0.0149296 0)
(-0.193494 -0.0341833 0)
(-0.19057 -0.0531204 0)
(-0.186064 -0.0714594 0)
(-0.179966 -0.0888968 0)
(-0.172278 -0.105105 0)
(-0.163026 -0.119734 0)
(-0.152266 -0.132409 0)
(-0.140091 -0.142742 0)
(-0.126646 -0.150335 0)
(-0.11213 -0.154797 0)
(-0.0968115 -0.155757 0)
(-0.0810294 -0.152883 0)
(-0.0651974 -0.145911 0)
(-0.0498027 -0.134659 0)
(-0.0353991 -0.11906 0)
(-0.0225802 -0.0991755 0)
(-0.0119503 -0.0752128 0)
(-0.00428667 -0.0475287 0)
(-0.000657564 -0.016661 0)
(-0.000665414 0.0187966 0)
(-0.00425206 0.0526645 0)
(-0.0117358 0.0823055 0)
(-0.0220213 0.107421 0)
(-0.0343333 0.12789 0)
(-0.0480971 0.143721 0)
(-0.0627709 0.155038 0)
(-0.0778662 0.162051 0)
(-0.0929663 0.165037 0)
(-0.107726 0.164316 0)
(-0.121866 0.16023 0)
(-0.135167 0.153128 0)
(-0.147464 0.143357 0)
(-0.158633 0.131251 0)
(-0.168585 0.117124 0)
(-0.177259 0.101274 0)
(-0.18461 0.0839774 0)
(-0.190606 0.0654951 0)
(-0.19522 0.0460737 0)
(-0.198429 0.0259517 0)
(-0.200206 0.00536475 0)
(-0.200523 -0.0154481 0)
(-0.199346 -0.036238 0)
(-0.196642 -0.0567403 0)
(-0.192376 -0.0766682 0)
(-0.186516 -0.0957081 0)
(-0.179044 -0.113516 0)
(-0.169958 -0.129716 0)
(-0.159285 -0.1439 0)
(-0.147092 -0.155635 0)
(-0.133495 -0.164468 0)
(-0.118676 -0.169941 0)
(-0.10289 -0.171608 0)
(-0.0864797 -0.169061 0)
(-0.0698736 -0.16195 0)
(-0.0535931 -0.150021 0)
(-0.0382438 -0.133137 0)
(-0.0244871 -0.111314 0)
(-0.0130069 -0.0847306 0)
(-0.00468467 -0.0537455 0)
(-0.000723609 -0.0189281 0)
(-0.000717681 0.0210325 0)
(-0.00456255 0.0587125 0)
(-0.012551 0.0914752 0)
(-0.0234758 0.119024 0)
(-0.0364757 0.141269 0)
(-0.0509134 0.15827 0)
(-0.0661962 0.170217 0)
(-0.0817998 0.177396 0)
(-0.0972873 0.180159 0)
(-0.112307 0.178901 0)
(-0.126585 0.174033 0)
(-0.139916 0.165963 0)
(-0.152156 0.15509 0)
(-0.163206 0.141785 0)
(-0.173002 0.126396 0)
(-0.181509 0.109242 0)
(-0.188707 0.0906141 0)
(-0.194584 0.0707794 0)
(-0.199132 0.0499872 0)
(-0.202341 0.028474 0)
(-0.204192 0.00647081 0)
(-0.204659 -0.0157893 0)
(-0.203707 -0.0380634 0)
(-0.201291 -0.0600907 0)
(-0.197362 -0.081585 0)
(-0.191867 -0.102228 0)
(-0.184761 -0.121663 0)
(-0.17601 -0.139492 0)
(-0.165605 -0.155275 0)
(-0.153577 -0.168532 0)
(-0.140009 -0.178752 0)
(-0.125052 -0.185403 0)
(-0.108943 -0.187954 0)
(-0.0920132 -0.185902 0)
(-0.0747054 -0.1788 0)
(-0.0575715 -0.166296 0)
(-0.0412715 -0.148169 0)
(-0.0265419 -0.124366 0)
(-0.014158 -0.0950297 0)
(-0.00512308 -0.0605098 0)
(-0.000797568 -0.0214084 0)
(-0.000775702 0.023434 0)
(-0.00490212 0.0651803 0)
(-0.0134325 0.101233 0)
(-0.0250287 0.1313 0)
(-0.0387289 0.155329 0)
(-0.0538229 0.173446 0)
(-0.0696618 0.185925 0)
(-0.0856841 0.193142 0)
(-0.101435 0.195544 0)
(-0.116561 0.193613 0)
(-0.130801 0.187838 0)
(-0.143974 0.178699 0)
(-0.15596 0.166645 0)
(-0.166695 0.152095 0)
(-0.176149 0.135426 0)
(-0.184317 0.116977 0)
(-0.191208 0.0970512 0)
(-0.196839 0.0759199 0)
(-0.201222 0.0538298 0)
(-0.204361 0.0310105 0)
(-0.206251 0.00768244 0)
(-0.206868 -0.0159332 0)
(-0.206176 -0.0396056 0)
(-0.204122 -0.0630847 0)
(-0.200638 -0.0860912 0)
(-0.195651 -0.108308 0)
(-0.189082 -0.129373 0)
(-0.180862 -0.148871 0)
(-0.170942 -0.166332 0)
(-0.159305 -0.181231 0)
(-0.145991 -0.192993 0)
(-0.131108 -0.201008 0)
(-0.11486 -0.204649 0)
(-0.0975635 -0.203299 0)
(-0.0796606 -0.196395 0)
(-0.0617313 -0.183462 0)
(-0.0444911 -0.16417 0)
(-0.0287589 -0.138377 0)
(-0.0154158 -0.106166 0)
(-0.00560815 -0.0678707 0)
(-0.000880851 -0.0241246 0)
(-0.000841174 0.0260183 0)
(-0.00527897 0.0721044 0)
(-0.0143979 0.111619 0)
(-0.0267042 0.144272 0)
(-0.0411166 0.170065 0)
(-0.0568396 0.189208 0)
(-0.0731621 0.202079 0)
(-0.0894848 0.209168 0)
(-0.105339 0.211035 0)
(-0.120378 0.208266 0)
(-0.134362 0.201443 0)
(-0.147141 0.19112 0)
(-0.158635 0.177809 0)
(-0.168821 0.161972 0)
(-0.177708 0.144016 0)
(-0.185332 0.1243 0)
(-0.191737 0.103135 0)
(-0.196969 0.0807916 0)
(-0.201065 0.0575083 0)
(-0.20405 0.0335021 0)
(-0.205931 0.00897727 0)
(-0.206691 -0.0158639 0)
(-0.206292 -0.0408099 0)
(-0.204674 -0.0656285 0)
(-0.201753 -0.0900554 0)
(-0.197429 -0.113783 0)
(-0.191593 -0.13645 0)
(-0.184133 -0.157631 0)
(-0.17495 -0.176831 0)
(-0.163974 -0.193483 0)
(-0.151187 -0.206949 0)
(-0.136644 -0.216533 0)
(-0.1205 -0.221499 0)
(-0.103039 -0.221103 0)
(-0.0846917 -0.214635 0)
(-0.0660589 -0.201474 0)
(-0.0479101 -0.181145 0)
(-0.0311547 -0.153387 0)
(-0.0167954 -0.1182 0)
(-0.00614774 -0.0758843 0)
(-0.000975282 -0.027103 0)
(-0.000916475 0.0288071 0)
(-0.00570433 0.0795313 0)
(-0.015471 0.122678 0)
(-0.0285346 0.157967 0)
(-0.0436693 0.185466 0)
(-0.05998 0.205497 0)
(-0.0766871 0.21857 0)
(-0.0931547 0.225317 0)
(-0.108907 0.226435 0)
(-0.123615 0.222633 0)
(-0.137073 0.214599 0)
(-0.149174 0.20297 0)
(-0.15989 0.188323 0)
(-0.169247 0.171165 0)
(-0.177306 0.151935 0)
(-0.184146 0.131004 0)
(-0.189853 0.108686 0)
(-0.194508 0.0852463 0)
(-0.198177 0.0609102 0)
(-0.200906 0.0358752 0)
(-0.202716 0.0103223 0)
(-0.203602 -0.0155719 0)
(-0.203525 -0.0416227 0)
(-0.202418 -0.067624 0)
(-0.200182 -0.0933351 0)
(-0.196693 -0.118467 0)
(-0.191805 -0.142668 0)
(-0.185361 -0.165513 0)
(-0.177208 -0.186489 0)
(-0.167212 -0.204991 0)
(-0.155284 -0.220322 0)
(-0.141408 -0.231695 0)
(-0.125674 -0.238255 0)
(-0.108314 -0.239109 0)
(-0.0897304 -0.233378 0)
(-0.0705308 -0.220253 0)
(-0.0515352 -0.19908 0)
(-0.0337493 -0.169433 0)
(-0.018316 -0.131197 0)
(-0.00675211 -0.0846144 0)
(-0.00108329 -0.0303745 0)
(-0.00100497 0.0318294 0)
(-0.00619378 0.0875209 0)
(-0.0166842 0.134472 0)
(-0.0305621 0.172415 0)
(-0.0464254 0.201513 0)
(-0.0632621 0.222232 0)
(-0.0802186 0.235254 0)
(-0.0966271 0.241387 0)
(-0.112017 0.241493 0)
(-0.126089 0.236429 0)
(-0.138689 0.226999 0)
(-0.149771 0.213934 0)
(-0.15937 0.197879 0)
(-0.167573 0.179384 0)
(-0.1745 0.158912 0)
(-0.180283 0.136846 0)
(-0.185053 0.113495 0)
(-0.188929 0.089113 0)
(-0.192008 0.0639043 0)
(-0.194362 0.0380406 0)
(-0.196028 0.0116729 0)
(-0.197012 -0.0150553 0)
(-0.197279 -0.0419938 0)
(-0.196756 -0.0689712 0)
(-0.19533 -0.0957799 0)
(-0.192854 -0.122159 0)
(-0.189147 -0.14778 0)
(-0.184004 -0.172225 0)
(-0.177212 -0.194978 0)
(-0.168564 -0.215405 0)
(-0.157887 -0.232751 0)
(-0.145077 -0.246142 0)
(-0.130137 -0.254594 0)
(-0.11322 -0.257048 0)
(-0.0946806 -0.252421 0)
(-0.0751105 -0.23968 0)
(-0.0553705 -0.217933 0)
(-0.0365667 -0.186543 0)
(-0.0200022 -0.145226 0)
(-0.007435 -0.0941356 0)
(-0.00120819 -0.0339765 0)
(-0.00111149 0.0351237 0)
(-0.00676894 0.0961515 0)
(-0.0180811 0.147075 0)
(-0.0328418 0.18765 0)
(-0.0494315 0.21817 0)
(-0.066702 0.239297 0)
(-0.083723 0.251935 0)
(-0.0998043 0.257113 0)
(-0.114497 0.255894 0)
(-0.127557 0.249302 0)
(-0.138898 0.238276 0)
(-0.148555 0.223646 0)
(-0.15664 0.20612 0)
(-0.163316 0.186292 0)
(-0.16877 0.164642 0)
(-0.17319 0.141554 0)
(-0.176758 0.117329 0)
(-0.179632 0.0921993 0)
(-0.181944 0.0663415 0)
(-0.183789 0.0398945 0)
(-0.185225 0.0129724 0)
(-0.186269 -0.0143216 0)
(-0.186892 -0.0418791 0)
(-0.187019 -0.0695723 0)
(-0.186527 -0.0972357 0)
(-0.185246 -0.124649 0)
(-0.182964 -0.151516 0)
(-0.179428 -0.177445 0)
(-0.174361 -0.201927 0)
(-0.167477 -0.224313 0)
(-0.158508 -0.243806 0)
(-0.147242 -0.259443 0)
(-0.133568 -0.27011 0)
(-0.117534 -0.274566 0)
(-0.0994077 -0.271491 0)
(-0.0797414 -0.259575 0)
(-0.0594163 -0.237631 0)
(-0.0396369 -0.204733 0)
(-0.021887 -0.160363 0)
(-0.00821528 -0.104536 0)
(-0.00135467 -0.0379549 0)
(-0.00124304 0.0387417 0)
(-0.00746019 0.105526 0)
(-0.0197208 0.16058 0)
(-0.0354443 0.203703 0)
(-0.0527411 0.235378 0)
(-0.0703071 0.256531 0)
(-0.0871377 0.268354 0)
(-0.102539 0.272157 0)
(-0.116111 0.269241 0)
(-0.127692 0.260824 0)
(-0.137293 0.247991 0)
(-0.145049 0.231671 0)
(-0.151169 0.212635 0)
(-0.1559 0.191509 0)
(-0.159504 0.168782 0)
(-0.162231 0.144831 0)
(-0.164313 0.119935 0)
(-0.165949 0.0942965 0)
(-0.167302 0.068059 0)
(-0.168495 0.0413209 0)
(-0.169604 0.0141526 0)
(-0.17066 -0.0133888 0)
(-0.17164 -0.041244 0)
(-0.172472 -0.0693359 0)
(-0.173027 -0.0975511 0)
(-0.17312 -0.12572 0)
(-0.172508 -0.153595 0)
(-0.170897 -0.180825 0)
(-0.167947 -0.206925 0)
(-0.163287 -0.231253 0)
(-0.156546 -0.252982 0)
(-0.147383 -0.271078 0)
(-0.135549 -0.284299 0)
(-0.120948 -0.291207 0)
(-0.103721 -0.290216 0)
(-0.0843371 -0.279683 0)
(-0.0636651 -0.258046 0)
(-0.0429964 -0.223998 0)
(-0.0240148 -0.17669 0)
(-0.00911943 -0.115922 0)
(-0.00152948 -0.0423675 0)
(-0.00141008 0.0427548 0)
(-0.00831057 0.115781 0)
(-0.0216828 0.175103 0)
(-0.0384579 0.220602 0)
(-0.0564105 0.253038 0)
(-0.0740626 0.273701 0)
(-0.0903497 0.284163 0)
(-0.104606 0.28608 0)
(-0.116521 0.28104 0)
(-0.126052 0.270476 0)
(-0.133342 0.255626 0)
(-0.138651 0.237514 0)
(-0.142299 0.216965 0)
(-0.144631 0.194621 0)
(-0.145984 0.170968 0)
(-0.146673 0.146359 0)
(-0.146977 0.121044 0)
(-0.147135 0.0951869 0)
(-0.147338 0.0688863 0)
(-0.147732 0.0421955 0)
(-0.148411 0.0151361 0)
(-0.149419 -0.0122861 0)
(-0.150746 -0.0400661 0)
(-0.152324 -0.0681838 0)
(-0.154023 -0.096586 0)
(-0.155651 -0.125165 0)
(-0.156944 -0.153735 0)
(-0.157573 -0.182002 0)
(-0.157141 -0.209531 0)
(-0.155198 -0.235708 0)
(-0.151259 -0.259703 0)
(-0.144844 -0.280433 0)
(-0.135534 -0.29654 0)
(-0.123049 -0.30639 0)
(-0.107351 -0.308102 0)
(-0.0887629 -0.299644 0)
(-0.0680929 -0.278981 0)
(-0.0466889 -0.244302 0)
(-0.0264456 -0.194294 0)
(-0.0101854 -0.128426 0)
(-0.00174274 -0.0472892 0)
(-0.00162853 0.0472616 0)
(-0.00938203 0.127098 0)
(-0.0240742 0.190784 0)
(-0.0419899 0.238356 0)
(-0.0604872 0.270987 0)
(-0.0779071 0.290475 0)
(-0.0931584 0.298892 0)
(-0.105657 0.298318 0)
(-0.115239 0.290676 0)
(-0.122031 0.277635 0)
(-0.126345 0.26058 0)
(-0.128592 0.240619 0)
(-0.12922 0.218608 0)
(-0.128673 0.195188 0)
(-0.127369 0.17082 0)
(-0.125678 0.145821 0)
(-0.123924 0.120394 0)
(-0.122375 0.0946556 0)
(-0.121246 0.0686547 0)
(-0.120701 0.042393 0)
(-0.120848 0.0158398 0)
(-0.121745 -0.0110534 0)
(-0.123394 -0.0383388 0)
(-0.125736 -0.0660574 0)
(-0.12865 -0.0942219 0)
(-0.131944 -0.122796 0)
(-0.135348 -0.151668 0)
(-0.13851 -0.180622 0)
(-0.14099 -0.209293 0)
(-0.142264 -0.237128 0)
(-0.141742 -0.263327 0)
(-0.138794 -0.286794 0)
(-0.132806 -0.306085 0)
(-0.12327 -0.319383 0)
(-0.109903 -0.324499 0)
(-0.0928069 -0.318953 0)
(-0.0726445 -0.30013 0)
(-0.0507627 -0.265556 0)
(-0.0292613 -0.213262 0)
(-0.0114687 -0.142211 0)
(-0.00201002 -0.0528201 0)
(-0.00192353 0.0524022 0)
(-0.0107653 0.139717 0)
(-0.0270384 0.207786 0)
(-0.0461618 0.256932 0)
(-0.0649862 0.288957 0)
(-0.0816878 0.306374 0)
(-0.095216 0.311902 0)
(-0.105153 0.308145 0)
(-0.111557 0.297398 0)
(-0.11479 0.281569 0)
(-0.115374 0.262175 0)
(-0.113892 0.240379 0)
(-0.11093 0.217039 0)
(-0.107031 0.192764 0)
(-0.102681 0.167968 0)
(-0.0982993 0.142911 0)
(-0.0942387 0.117739 0)
(-0.090787 0.0925074 0)
(-0.0881724 0.0672111 0)
(-0.0865675 0.041797 0)
(-0.0860917 0.016181 0)
(-0.0868125 -0.00973959 0)
(-0.0887441 -0.0360741 0)
(-0.0918439 -0.0629255 0)
(-0.0960059 -0.0903749 0)
(-0.101052 -0.118463 0)
(-0.106722 -0.147164 0)
(-0.112658 -0.176354 0)
(-0.1184 -0.205769 0)
(-0.123373 -0.234945 0)
(-0.126892 -0.263162 0)
(-0.128181 -0.289356 0)
(-0.126419 -0.31205 0)
(-0.120827 -0.329279 0)
(-0.110806 -0.338556 0)
(-0.0961306 -0.336911 0)
(-0.0772024 -0.321033 0)
(-0.0552624 -0.287585 0)
(-0.0325721 -0.233676 0)
(-0.0130521 -0.15749 0)
(-0.00235626 -0.0590979 0)
(-0.00233629 0.0583786 0)
(-0.0125957 0.153958 0)
(-0.0307646 0.22628 0)
(-0.0510945 0.276206 0)
(-0.0698416 0.30651 0)
(-0.085083 0.3207 0)
(-0.0959311 0.322337 0)
(-0.102259 0.314637 0)
(-0.104455 0.300293 0)
(-0.10318 0.281434 0)
(-0.099207 0.259667 0)
(-0.093309 0.236163 0)
(-0.0862022 0.211738 0)
(-0.0785177 0.186932 0)
(-0.070793 0.162084 0)
(-0.0634742 0.137376 0)
(-0.0569247 0.11288 0)
(-0.0514345 0.0885885 0)
(-0.0472305 0.0644352 0)
(-0.0444836 0.0403128 0)
(-0.0433152 0.0160857 0)
(-0.0437994 -0.00839955 0)
(-0.0459632 -0.0333054 0)
(-0.0497829 -0.0587929 0)
(-0.0551772 -0.0850101 0)
(-0.0619962 -0.112076 0)
(-0.070007 -0.140056 0)
(-0.078876 -0.168935 0)
(-0.0881489 -0.198568 0)
(-0.0972317 -0.228623 0)
(-0.105377 -0.258503 0)
(-0.111685 -0.287248 0)
(-0.115131 -0.313418 0)
(-0.114637 -0.334974 0)
(-0.109213 -0.349178 0)
(-0.0981869 -0.352557 0)
(-0.0815309 -0.341 0)
(-0.0602064 -0.310069 0)
(-0.0365232 -0.255588 0)
(-0.0150618 -0.174531 0)
(-0.0028229 -0.066319 0)
(-0.00293685 0.0654908 0)
(-0.0150786 0.170242 0)
(-0.0354932 0.246414 0)
(-0.0568658 0.295885 0)
(-0.0748107 0.32293 0)
(-0.0874673 0.332446 0)
(-0.0943163 0.329046 0)
(-0.0957004 0.316636 0)
(-0.0924576 0.29829 0)
(-0.0856236 0.276298 0)
(-0.0762439 0.252287 0)
(-0.0652761 0.227361 0)
(-0.0535474 0.202239 0)
(-0.0417455 0.177349 0)
(-0.0304276 0.152921 0)
(-0.0200365 0.129041 0)
(-0.0109198 0.105698 0)
(-0.00334721 0.0828136 0)
(0.00247425 0.0602612 0)
(0.00638866 0.0378832 0)
(0.0082828 0.0154987 0)
(0.00808145 -0.00708933 0)
(0.00574638 -0.0300879 0)
(0.00127914 -0.0537081 0)
(-0.00527178 -0.0781575 0)
(-0.0137991 -0.103628 0)
(-0.0241199 -0.130277 0)
(-0.0359523 -0.158203 0)
(-0.0488879 -0.187401 0)
(-0.0623593 -0.217701 0)
(-0.0756073 -0.248688 0)
(-0.087656 -0.279577 0)
(-0.0973096 -0.309067 0)
(-0.103193 -0.335162 0)
(-0.103869 -0.354974 0)
(-0.0980861 -0.36458 0)
(-0.0851711 -0.359001 0)
(-0.0655334 -0.332447 0)
(-0.041294 -0.27897 0)
(-0.0176916 -0.193681 0)
(-0.00348128 -0.0747736 0)
(-0.00384797 0.0741966 0)
(-0.0185274 0.189108 0)
(-0.0415027 0.268232 0)
(-0.0634073 0.315353 0)
(-0.0792905 0.33707 0)
(-0.0876825 0.340167 0)
(-0.0887531 0.330517 0)
(-0.0835434 0.312731 0)
(-0.0734721 0.29018 0)
(-0.0599935 0.265193 0)
(-0.0444207 0.239301 0)
(-0.027858 0.213454 0)
(-0.0111937 0.188199 0)
(0.00487893 0.163808 0)
(0.0198305 0.140373 0)
(0.0332618 0.117868 0)
(0.0448743 0.0961919 0)
(0.0544455 0.0751965 0)
(0.0618084 0.0547018 0)
(0.0668379 0.0345069 0)
(0.0694396 0.0143958 0)
(0.0695441 -0.00586 0)
(0.0671049 -0.0264997 0)
(0.0620999 -0.0477709 0)
(0.0545381 -0.0699274 0)
(0.044471 -0.093222 0)
(0.0320108 -0.117896 0)
(0.0173555 -0.144157 0)
(0.000823727 -0.172147 0)
(-0.0171013 -0.201885 0)
(-0.0357199 -0.233182 0)
(-0.05406 -0.265513 0)
(-0.0708313 -0.297839 0)
(-0.0844112 -0.328363 0)
(-0.0929094 -0.35423 0)
(-0.0943784 -0.371219 0)
(-0.0872488 -0.373513 0)
(-0.0709828 -0.353751 0)
(-0.0470733 -0.303616 0)
(-0.0212397 -0.215365 0)
(-0.0044573 -0.0849067 0)
(-0.00528825 0.0852183 0)
(-0.0234131 0.211202 0)
(-0.0490373 0.291486 0)
(-0.0702702 0.333414 0)
(-0.0819707 0.347114 0)
(-0.083656 0.341833 0)
(-0.076639 0.324825 0)
(-0.0629141 0.301289 0)
(-0.0445728 0.274694 0)
(-0.023476 0.247215 0)
(-0.00113723 0.220131 0)
(0.0212784 0.194123 0)
(0.0429069 0.169496 0)
(0.063125 0.146323 0)
(0.0814923 0.124539 0)
(0.0977021 0.104 0)
(0.111542 0.084518 0)
(0.122864 0.0658832 0)
(0.131562 0.0478727 0)
(0.137556 0.030256 0)
(0.140782 0.0127964 0)
(0.141184 -0.00475079 0)
(0.138709 -0.0226398 0)
(0.133314 -0.0411374 0)
(0.124965 -0.0605242 0)
(0.113647 -0.0810952 0)
(0.0993854 -0.103155 0)
(0.082265 -0.127007 0)
(0.0624704 -0.152931 0)
(0.040336 -0.181139 0)
(0.0164136 -0.211701 0)
(-0.00844144 -0.244426 0)
(-0.0329745 -0.278662 0)
(-0.055443 -0.31301 0)
(-0.0735818 -0.344919 0)
(-0.0847132 -0.370164 0)
(-0.0861306 -0.382304 0)
(-0.0758382 -0.372332 0)
(-0.0539633 -0.328926 0)
(-0.0261507 -0.240061 0)
(-0.0059751 -0.0974236 0)
(-0.00764148 0.0997144 0)
(-0.0303967 0.237177 0)
(-0.058063 0.315256 0)
(-0.0761099 0.347855 0)
(-0.0801958 0.350271 0)
(-0.0717876 0.334699 0)
(-0.0538888 0.309654 0)
(-0.0296414 0.280577 0)
(-0.00178652 0.250685 0)
(0.0275358 0.221723 0)
(0.0567691 0.194527 0)
(0.084836 0.169401 0)
(0.11102 0.146351 0)
(0.134863 0.125225 0)
(0.156085 0.1058 0)
(0.17452 0.0878231 0)
(0.190078 0.0710354 0)
(0.20271 0.0551819 0)
(0.212385 0.0400146 0)
(0.219082 0.0252917 0)
(0.222774 0.0107733 0)
(0.223424 -0.00378256 0)
(0.220981 -0.0186264 0)
(0.215381 -0.0340228 0)
(0.206547 -0.0502565 0)
(0.1944 -0.0676383 0)
(0.178863 -0.0865081 0)
(0.159892 -0.107234 0)
(0.137499 -0.130206 0)
(0.111811 -0.15581 0)
(0.0831352 -0.184375 0)
(0.0520741 -0.21608 0)
(0.0196608 -0.25077 0)
(-0.0124653 -0.287655 0)
(-0.0418854 -0.324826 0)
(-0.0653227 -0.358525 0)
(-0.0788242 -0.382194 0)
(-0.0783926 -0.385446 0)
(-0.061694 -0.353484 0)
(-0.0330264 -0.268153 0)
(-0.00842363 -0.113458 0)
(-0.0115238 0.119509 0)
(-0.0401971 0.267306 0)
(-0.0675645 0.337203 0)
(-0.0775924 0.354822 0)
(-0.0688349 0.342469 0)
(-0.0460202 0.315315 0)
(-0.0142902 0.282517 0)
(0.0221151 0.249084 0)
(0.0600678 0.21746 0)
(0.097455 0.188632 0)
(0.132948 0.16282 0)
(0.165765 0.139872 0)
(0.195488 0.119474 0)
(0.221924 0.101266 0)
(0.245018 0.084891 0)
(0.264786 0.0700151 0)
(0.281283 0.0563372 0)
(0.294571 0.0435842 0)
(0.304707 0.0315068 0)
(0.311728 0.0198729 0)
(0.315651 0.00845964 0)
(0.31646 -0.00295373 0)
(0.314111 -0.0145939 0)
(0.308526 -0.0267017 0)
(0.299592 -0.0395414 0)
(0.287166 -0.0534095 0)
(0.271079 -0.0686454 0)
(0.25115 -0.0856403 0)
(0.227206 -0.104844 0)
(0.19912 -0.126763 0)
(0.16688 -0.151942 0)
(0.130695 -0.180911 0)
(0.0911575 -0.214052 0)
(0.0494854 -0.251347 0)
(0.00784616 -0.291883 0)
(-0.0302985 -0.332999 0)
(-0.0599767 -0.368894 0)
(-0.0748742 -0.38869 0)
(-0.0688547 -0.37429 0)
(-0.0424319 -0.29947 0)
(-0.0124058 -0.13477 0)
(-0.0176428 0.147417 0)
(-0.0527522 0.300469 0)
(-0.0736526 0.352194 0)
(-0.0671716 0.348008 0)
(-0.0384169 0.318258 0)
(0.00341382 0.279911 0)
(0.0511691 0.241364 0)
(0.100103 0.206146 0)
(0.147338 0.175325 0)
(0.191307 0.14885 0)
(0.231274 0.126237 0)
(0.266989 0.106886 0)
(0.298469 0.0902163 0)
(0.325866 0.0757179 0)
(0.349383 0.0629581 0)
(0.369236 0.0515747 0)
(0.385623 0.0412646 0)
(0.398714 0.03177 0)
(0.408645 0.0228669 0)
(0.415509 0.0143547 0)
(0.41936 0.00604616 0)
(0.420206 -0.0022407 0)
(0.418012 -0.0106916 0)
(0.412692 -0.0195047 0)
(0.404111 -0.0289002 0)
(0.39208 -0.0391322 0)
(0.376356 -0.0505014 0)
(0.356639 -0.0633715 0)
(0.332585 -0.0781874 0)
(0.303815 -0.0954947 0)
(0.269962 -0.115955 0)
(0.230747 -0.140348 0)
(0.186121 -0.169521 0)
(0.136523 -0.20425 0)
(0.0832929 -0.244864 0)
(0.0292916 -0.290434 0)
(-0.0203326 -0.337146 0)
(-0.0573873 -0.375396 0)
(-0.0709567 -0.385436 0)
(-0.0539155 -0.332191 0)
(-0.0185317 -0.164025 0)
(-0.0256823 0.188007 0)
(-0.0642323 0.331701 0)
(-0.0650059 0.349698 0)
(-0.028927 0.317582 0)
(0.027609 0.271081 0)
(0.0913389 0.225324 0)
(0.154665 0.185612 0)
(0.213766 0.152831 0)
(0.267058 0.126241 0)
(0.314168 0.104711 0)
(0.355306 0.0871647 0)
(0.390923 0.0727041 0)
(0.421537 0.0606224 0)
(0.447646 0.050374 0)
(0.469696 0.0415385 0)
(0.488065 0.0337898 0)
(0.503067 0.0268702 0)
(0.514951 0.0205712 0)
(0.523903 0.0147191 0)
(0.530058 0.00916287 0)
(0.533495 0.0037655 0)
(0.53424 -0.00160437 0)
(0.532267 -0.00707968 0)
(0.527494 -0.0128027 0)
(0.51978 -0.0189335 0)
(0.508917 -0.0256604 0)
(0.494621 -0.0332132 0)
(0.476524 -0.0418803 0)
(0.454161 -0.0520328 0)
(0.426962 -0.064155 0)
(0.394252 -0.0788857 0)
(0.355272 -0.0970666 0)
(0.309251 -0.119789 0)
(0.255578 -0.148403 0)
(0.194172 -0.184398 0)
(0.126206 -0.228913 0)
(0.0553548 -0.281332 0)
(-0.0103045 -0.335983 0)
(-0.0560923 -0.375795 0)
(-0.062853 -0.360354 0)
(-0.0261348 -0.205435 0)
(-0.0292045 0.244965 0)
(-0.0582419 0.345322 0)
(-0.0131185 0.31044 0)
(0.0682724 0.250735 0)
(0.156106 0.195627 0)
(0.238347 0.151541 0)
(0.310919 0.118184 0)
(0.37312 0.0933116 0)
(0.425756 0.074644 0)
(0.470096 0.0604085 0)
(0.507407 0.0493354 0)
(0.538788 0.0405376 0)
(0.565151 0.0333972 0)
(0.587226 0.0274793 0)
(0.605593 0.0224725 0)
(0.62071 0.0181487 0)
(0.632929 0.014336 0)
(0.642522 0.0109008 0)
(0.64969 0.00773534 0)
(0.654573 0.00474848 0)
(0.657257 0.00185918 0)
(0.657777 -0.00100913 0)
(0.656116 -0.00393347 0)
(0.652205 -0.00699639 0)
(0.645917 -0.0102917 0)
(0.637059 -0.0139315 0)
(0.625359 -0.0180559 0)
(0.610449 -0.0228464 0)
(0.591841 -0.0285457 0)
(0.568898 -0.0354869 0)
(0.540793 -0.044139 0)
(0.506464 -0.0551743 0)
(0.464581 -0.0695709 0)
(0.413536 -0.0887531 0)
(0.351571 -0.114756 0)
(0.277242 -0.150283 0)
(0.190589 -0.19818 0)
(0.0953062 -0.259248 0)
(0.00374528 -0.326492 0)
(-0.0518621 -0.367011 0)
(-0.0278777 -0.261315 0)
(0.0109331 0.285088 0)
(0.025202 0.299123 0)
(0.148538 0.213962 0)
(0.279288 0.145909 0)
(0.385193 0.100367 0)
(0.468453 0.0706253 0)
(0.534011 0.0512497 0)
(0.585808 0.038392 0)
(0.627097 0.029569 0)
(0.660384 0.0232797 0)
(0.687488 0.0186276 0)
(0.709722 0.0150681 0)
(0.728038 0.0122604 0)
(0.743136 0.009984 0)
(0.755538 0.00809126 0)
(0.765634 0.00647935 0)
(0.773715 0.00507398 0)
(0.78 0.00381927 0)
(0.784647 0.00267132 0)
(0.787768 0.0015939 0)
(0.789429 0.000555278 0)
(0.789661 -0.000474151 0)
(0.788455 -0.00152403 0)
(0.785764 -0.00262618 0)
(0.781496 -0.00381704 0)
(0.775511 -0.00514082 0)
(0.767605 -0.00665381 0)
(0.757499 -0.0084309 0)
(0.744806 -0.0105755 0)
(0.729004 -0.0132361 0)
(0.709373 -0.0166335 0)
(0.684922 -0.0211097 0)
(0.654261 -0.0272139 0)
(0.615428 -0.0358607 0)
(0.565654 -0.0486127 0)
(0.501211 -0.0681361 0)
(0.417436 -0.098748 0)
(0.308469 -0.146736 0)
(0.171002 -0.219404 0)
(0.0381025 -0.30954 0)
(0.0165116 -0.294795 0)
(0.302156 0.146423 0)
(0.400918 0.127365 0)
(0.563423 0.0753605 0)
(0.681208 0.0430275 0)
(0.751506 0.0253267 0)
(0.796577 0.0155923 0)
(0.827848 0.0101527 0)
(0.850525 0.00700819 0)
(0.867563 0.00508898 0)
(0.880757 0.00384214 0)
(0.891204 0.00298218 0)
(0.8996 0.00235713 0)
(0.906408 0.00188237 0)
(0.911947 0.00150821 0)
(0.916446 0.00120383 0)
(0.920069 0.000949073 0)
(0.922938 0.000730035 0)
(0.925142 0.000536647 0)
(0.926744 0.000361228 0)
(0.92779 0.000197581 0)
(0.928307 4.03819e-05 0)
(0.928305 -0.000115285 0)
(0.927784 -0.000274325 0)
(0.926724 -0.000442019 0)
(0.925091 -0.000624484 0)
(0.92283 -0.000829265 0)
(0.91986 -0.0010662 0)
(0.916069 -0.00134874 0)
(0.9113 -0.00169622 0)
(0.905334 -0.00213772 0)
(0.897861 -0.00271946 0)
(0.888427 -0.00351915 0)
(0.876352 -0.00467562 0)
(0.86056 -0.00645157 0)
(0.839273 -0.0093666 0)
(0.809497 -0.0144648 0)
(0.765902 -0.0238039 0)
(0.696808 -0.0413311 0)
(0.578513 -0.0742345 0)
(0.411247 -0.127986 0)
(0.306755 -0.148183 0)
)
;

boundaryField
{
    movingWall
    {
        type            fixedValue;
        value           uniform (1 0 0);
    }
    fixedWalls
    {
        type            noSlip;
    }
    frontAndBack
    {
        type            empty;
    }
}


// ************************************************************************* //
